01001020200
01001021100
01003010600
01005950200
01005950400
01005950900
01011952100
01011952400
01013953000
01015000400
01017954400
01023956700
01025957800
01025958000
01033020100
01035960400
01035960600
01039962900
01041963400
01041963800
01041963900
01045020100
01045021000
01047996500
01047996900
01047997000
01053969800
01053970400
01055000200
01055000600
01055000900
01063060000
01063060200
01073000100
01073000400
01073000500
01073000700
01073000800
01073001100
01073001200
01073001400
01073001500
01073001600
01073002400
01073002700
01073002900
01073003001
01073003002
01073003500
01073003802
01073003900
01073004000
01073004200
01073005000
01073005200
01073005500
01073005701
01073005702
01073005908
01073010100
01073010302
01073010401
01073010500
01073010602
01073011210
01073011902
01073011903
01073012500
01073013002
01073013100
01073013300
01073013601
01073013801
01073014105
01077010400
01077010700
01077010800
01077011300
01081040400
01081040700
01081040800
01081040900
01081041600
01083020500
01083021000
01085980800
01085981000
01085981100
01087981800
01087981900
01087982100
01087982200
01087982300
01089000100
01089000202
01089000301
01089000302
01089001200
01089001300
01089001600
01089002100
01089002300
01089002400
01089002501
01089002502
01089010622
01091983100
01091983200
01097000402
01097001200
01097001302
01097001501
01097001502
01097001600
01097001800
01097002600
01097003204
01097003404
01097003602
01097003606
01097003607
01097003902
01097005100
01097005200
01099985600
01099985700
01101000100
01101000200
01101000400
01101001000
01101001100
01101002400
01101002500
01101003000
01101005102
01101005603
01101005800
01101005902
01101006100
01103000100
01103000400
01105986800
01107050400
01113030600
01113031100
01113031200
01119991100
01119991200
01125011200
01125012304
01125012405
01125012600
01131994700
01131994900
01131995000
01131995100
04001942600
04001942700
04001944000
04001944100
04001944200
04001944300
04001944900
04001945000
04001945100
04001970200
04003000100
04003000200
04003000300
04003000400
04003000500
04003001300
04003001400
04003001500
04005001100
04005001800
04005941100
04005942200
04005944500
04005944600
04007000600
04007000700
04007000800
04007940400
04009940500
04009991100
04012020100
04012020500
04012940300
04013050603
04013050700
04013060800
04013060900
04013061400
04013071505
04013071600
04013071801
04013071802
04013092310
04013092705
04013093104
04013103306
04013103615
04013105601
04013110600
04013111700
04013112100
04013112201
04013112505
04013112508
04013112900
04013113100
04013113800
04013114100
04013114200
04013114301
04013114302
04013114600
04013114701
04013114702
04013114703
04013114800
04013114900
04013115200
04013115300
04013115500
04013115600
04013115700
04013116000
04013116100
04013116203
04013116602
04013116702
04013116703
04013319200
04013319300
04013420103
04013422104
04013422604
04013422610
04013422611
04013523102
04013723302
04013940700
04015940400
04015950100
04015950400
04015950500
04015950600
04015950702
04015951500
04015951600
04015951700
04015951800
04015952700
04017940100
04017941000
04017941100
04017942300
04017942400
04017944400
04017944500
04017944700
04017944800
04017960500
04019000400
04019001000
04019002100
04019002501
04019002503
04019002801
04019002802
04019003600
04019003702
04019003705
04019004034
04019004035
04019004104
04019004111
04019004112
04019004313
04019004316
04019004404
04019004407
04019004506
04019004507
04019004900
04019005100
04019940600
04019940700
04019940800
04021000304
04021000305
04021000400
04021000601
04021001700
04021940600
04023996401
04025000100
04025000602
04025001400
04027000301
04027000401
04027000402
04027001000
04027001300
04027010600
04027011200
04027011502
05003960100
05003960400
05007020301
05011950500
05015950500
05035030102
05035031100
05039970300
05041950100
05049950200
05051010700
05051010800
05057980200
05059020200
05061950300
05069000900
05073970200
05075970400
05077970200
05077970300
05079960200
05085020800
05087960400
05091020400
05093010300
05093010900
05095950300
05099990300
05101980200
05103950200
05103950400
05107980200
05107980600
05109953400
05111990700
05113950300
05113950500
05113950600
05115951000
05119000200
05119000300
05119000900
05119001000
05119001100
05119001200
05119002403
05119002500
05119002600
05119002700
05119002800
05119002900
05119003100
05119003500
05119003607
05119004108
05123960400
05123960600
05127950200
05127950300
05129970100
05129970300
05131000100
05131000300
05133980300
05137950100
05137950200
05139950100
05139951000
05141960100
05141960200
05143010403
05143010600
05143010900
05145970700
05147990100
05149952500
05149952600
06001405600
06001405700
06001409000
06001433700
06007000201
06007000501
06007001100
06007001800
06007001900
06007002100
06007002400
06011000100
06011000400
06013301000
06013303100
06013310000
06013313201
06013314102
06013317000
06013327000
06013366001
06013366002
06013379000
06013380000
06015000101
06015000102
06015000103
06015000202
06015000203
06017030300
06019000700
06019001000
06019001202
06019001403
06019006601
06019006602
06019007002
06019007100
06019007800
06019007900
06019008200
06019008302
06021010100
06021010200
06021010300
06021010400
06021010502
06023000500
06023010102
06023010200
06023010501
06023011300
06025010100
06025010900
06025011400
06025012301
06025012302
06025012400
06029000101
06029002301
06029002500
06029003114
06029003202
06029003600
06029003700
06029005201
06029006004
06029006100
06031001003
06031001400
06033000400
06033000800
06035040100
06035040600
06037113421
06037115102
06037121100
06037121210
06037235201
06037235202
06037277200
06037277400
06037294420
06037296100
06037402402
06037402403
06037405002
06037405201
06037532303
06037532304
06037541802
06037542402
06037543000
06037543100
06037543202
06037553701
06037575600
06037900501
06037900605
06037910404
06037910604
06037910706
06037920335
06039000502
06039000900
06041104102
06041105000
06041112200
06043000400
06045010200
06045011200
06047000100
06047000601
06047000603
06047000901
06047000902
06047001700
06049000200
06049000400
06053011400
06053014101
06053014102
06057000501
06057000502
06057000600
06057000900
06059011714
06059011720
06059062614
06059075902
06059076101
06059086303
06059087501
06059099502
06059099903
06059110603
06061020901
06063000400
06065030100
06065030200
06065030400
06065040301
06065040503
06065040605
06065041100
06065042009
06065042010
06065042300
06065042709
06065042710
06065043001
06065043003
06065043006
06065043313
06065043505
06065043506
06065043507
06065043508
06065043511
06065043600
06065044000
06065044102
06065044103
06065044200
06065044300
06065044402
06065044505
06065044506
06065044510
06065045000
06065045209
06065045705
06065045800
06065046402
06065940100
06067002200
06067003000
06067004300
06067004602
06067005102
06067005300
06067005402
06067005502
06067006202
06067006400
06067006500
06067007202
06067007208
06067007300
06067007413
06067007701
06067008300
06067008404
06067008913
06067009006
06067009007
06067009110
06067009503
06071000301
06071000304
06071000900
06071001600
06071002100
06071002301
06071002401
06071002402
06071002501
06071002502
06071002601
06071003300
06071003403
06071003502
06071004100
06071004402
06071005200
06071005300
06071005900
06071006401
06071006402
06071006500
06071006900
06071007108
06071007200
06071008001
06071008707
06071009300
06071009709
06071009710
06071009713
06071009716
06071009800
06071009901
06071009903
06071010003
06071010011
06071010016
06071010019
06071010020
06071010300
06071010402
06071010405
06071010409
06071010412
06071010415
06071011202
06073002706
06073002804
06073003201
06073005800
06073006200
06073007600
06073008305
06073009106
06073009400
06073009603
06073010200
06073010602
06073011500
06073012600
06073016402
06073016617
06073018511
06073018700
06073018904
06073020021
06073020806
06073020903
06073021000
06073021100
06075017902
06075023400
06075026401
06075026403
06075060502
06075060600
06075061000
06077002502
06077002701
06077002702
06077002800
06077003208
06077003803
06077004500
06079012200
06079012503
06079012800
06081600200
06081610302
06081611700
06081611800
06081611900
06081612000
06081612100
06083001800
06083002303
06083002304
06083002403
06083002404
06083002708
06085505202
06085509108
06085512505
06087100400
06087110600
06087121600
06087122500
06087123100
06089010400
06089010701
06089010900
06089011200
06089011500
06089011700
06089012000
06089012100
06089012601
06093000200
06093000300
06093000400
06093000500
06095250701
06095250702
06095250900
06095252609
06095253402
06097151402
06099001603
06099002002
06099002100
06099002301
06099002400
06099002501
06101050302
06101050501
06103000100
06103000300
06103000500
06103000600
06103000700
06105000100
06105000200
06105000400
06107000201
06107001501
06107001502
06107002201
06107002904
06107003002
06107003601
06107003602
06107003901
06107004000
06107004101
06107004102
06107004300
06107004500
06109005100
06111001302
06111002200
06111002300
06111003201
06111003202
06111004301
06111004600
06111005001
06111007000
06111007100
06113010507
06113011400
06115040500
06115040600
08001008100
08001008200
08001008308
08001008603
08001008801
08001009001
08001009002
08001009003
08001009101
08001009103
08001009308
08001009319
08001009502
08001009606
08003981600
08005005552
08005007043
08005007201
08005007703
08007940400
08009984600
08011986700
08013012908
08013013401
08013013602
08017990600
08021974600
08023982600
08023982700
08025989600
08027980100
08031000702
08031000800
08031001401
08031001403
08031001500
08031003500
08031003601
08031003602
08031003603
08031004101
08031004102
08031004103
08031004403
08031004404
08031008304
08031008305
08031008306
08031008312
08039991100
08041000301
08041000302
08041000800
08041001600
08041001700
08041002200
08041002300
08041002400
08041002700
08041002800
08041002900
08041003800
08041004501
08041004508
08041005300
08041006100
08041006200
08043978600
08043978700
08043978800
08043979000
08053973100
08055980700
08055980800
08059010000
08059010305
08059010402
08059010405
08059010406
08059011100
08059011550
08059011730
08061990100
08063992100
08063992200
08063992300
08069000400
08069001306
08069001601
08071000100
08071000300
08071000700
08073991800
08075995900
08075996000
08075996100
08075996400
08077000800
08077001301
08077001302
08077001501
08077001702
08077001704
08077001705
08077001800
08079973600
08081000100
08083941000
08083969200
08083969400
08085966200
08085966300
08087000700
08089987700
08093000500
08095997700
08099000300
08099000500
08099000600
08101001000
08101002000
08101002100
08101002200
08101002300
08101002801
08101002802
08101003103
08101003200
08101003400
08105976700
08109977600
08109977700
08111972600
08115998300
08121994100
08123000600
08123001002
08123001300
08123002501
08125993100
08125993200
09001022200
09001022300
09001044000
09001044400
09001044500
09001070500
09001070600
09001072800
09001074400
09001080400
09003405500
09003405700
09003406001
09003415400
09003415700
09003420500
09003480500
09003480600
09003490200
09003503800
09003503900
09003510500
09003510800
09003511200
09003511300
09003514200
09003514800
09005310801
09009120200
09009125200
09009125300
09009125400
09009141300
09009142601
09009142700
09009142800
09009154100
09009155000
09009171300
09009171500
09009175200
09009175400
09009180200
09009351500
09009351800
09009352100
09009352200
09009352300
09009352400
09009352800
09011696100
09011696700
09011697000
09011702500
09011709200
09013530200
09013881300
09015904500
10001040201
10001042201
10001043000
10003000500
10003000601
10003000602
10003000700
10003000800
10003001900
10003010700
10003014905
10003015400
10003015500
10003015600
10005050702
11001007806
11001007809
11001009000
11001009101
11001009601
11001009602
11001009809
12001000400
12001000600
12001000700
12001000800
12001000902
12001001501
12001001504
12001001600
12001001902
12001002206
12005000300
12005001200
12005001600
12005002200
12005002400
12009060400
12009060900
12009062102
12009062400
12009062500
12009064200
12009064700
12009064800
12009064902
12009065101
12009065121
12009065122
12009065123
12009065201
12011020305
12011020409
12011030401
12011030500
12011030600
12011030703
12011030801
12011041000
12011041200
12011042700
12011050202
12011050308
12011050800
12011060205
12011070101
12011080403
12011091400
12011091600
12011100600
12011100700
12011100802
12013990200
12015010300
12015020800
12017980200
12019031400
12021010410
12021010411
12021010601
12021010802
12021011102
12021011205
12023990300
12023990900
12029980200
12031000200
12031000300
12031000400
12031000500
12031000600
12031001600
12031002500
12031002600
12031002701
12031002702
12031002801
12031002802
12031002902
12031010201
12031010800
12031011300
12031011600
12031011800
12031013200
12031013402
12031013721
12031013800
12031013901
12031014500
12033000300
12033001401
12033001402
12033001700
12033002100
12033002200
12033002702
12033002900
12033003100
12033003201
12033003400
12033004000
12043000200
12047980200
12047980300
12049970300
12051000300
12051000500
12051940100
12053040400
12053040500
12053040800
12053041002
12053041101
12053041201
12053041202
12053041302
12053041401
12055960800
12055961000
12055961100
12055961500
12055961600
12057000100
12057000300
12057000401
12057000700
12057000800
12057000900
12057001000
12057002600
12057003100
12057003400
12057003500
12057003600
12057003700
12057003800
12057005300
12057010303
12057010500
12057010803
12057011003
12057011605
12057011804
12057011903
12057012002
12057012103
12057012105
12057012403
12057013306
12057013802
12057014108
12059960200
12061050302
12067960100
12069030102
12069030103
12069030303
12069030602
12071000504
12071000600
12071001100
12071001201
12071020102
12071020300
12071020800
12071040301
12071050102
12073001801
12073001802
12073001900
12073002001
12073002002
12073002102
12075970400
12077950200
12079990200
12081000702
12081001908
12083000500
12083000603
12083000800
12083001204
12083001401
12083001402
12083001500
12083001800
12085000800
12085001301
12085001800
12086000401
12086000501
12086000502
12086000503
12086001203
12086001301
12086008303
12086010500
12086010703
12086010800
12086011100
12086011201
12087970100
12091020500
12091021400
12091022600
12095011600
12095011701
12095011901
12095011902
12095012000
12095013200
12095014601
12095015104
12095016411
12095016506
12095016508
12095016902
12095016903
12095017300
12095017600
12095017703
12097040900
12097041700
12097041800
12097042000
12097042100
12097042700
12099000205
12099001004
12099001301
12099001302
12099001403
12099001404
12099001801
12099003000
12099003200
12099003700
12099003800
12099004012
12099005600
12099005701
12099005702
12099005806
12099006100
12099006700
12099006801
12099007203
12099007717
12099007819
12099008002
12099008101
12099008102
12099008201
12099008302
12101030402
12101030500
12101031003
12101031004
12101031401
12101031402
12101031703
12101032900
12101033001
12101033004
12103020400
12103020500
12103020800
12103021800
12103022000
12103023300
12103024503
12103024601
12103024602
12103024700
12103025106
12103025408
12103025410
12103026100
12103028300
12103028401
12103028402
12105011000
12105011100
12105011400
12105011704
12105011722
12105012002
12105012700
12105013000
12105013102
12105013300
12105013400
12105013600
12105013702
12105014122
12105014203
12105014502
12105014600
12105015500
12105015600
12107950200
12107950800
12109021002
12109021301
12111000300
12111000901
12111000902
12111001802
12113010600
12113010801
12115000300
12115001000
12115002402
12115002509
12115002603
12115002701
12115002703
12117020202
12117020901
12121970300
12121970500
12123950300
12123950400
12125960300
12127080805
12127081000
12127081200
12127082000
12127082100
12127082201
12127082301
12127082302
12127082408
12127082501
12127090101
12127090702
12131950100
12131950400
12133970200
12133970300
13001950100
13001950400
13001950500
13003960100
13007960100
13007960200
13009970600
13009970702
13013180201
13013180202
13015960802
13019970100
13021011702
13021012200
13021012300
13021012400
13021012500
13021013102
13021013201
13021013202
13025980100
13027990200
13031990100
13031990402
13033950100
13033950200
13033950300
13033950800
13037950100
13039010500
13045990101
13045990200
13045990501
13047030500
13049990200
13051000601
13051002300
13051003200
13051003301
13051003601
13051003700
13051004202
13051004207
13051004500
13051010501
13051010601
13051010604
13053020100
13055980200
13057091001
13059000100
13059000400
13059000600
13059001900
13059030200
13059130300
13059140400
13059140500
13059150300
13059150500
13059150700
13061960100
13061960200
13063040201
13063040303
13063040305
13063040405
13063040406
13063040407
13063040408
13063040410
13063040412
13063040503
13063040506
13063040511
13063040512
13063040514
13063040516
13063040518
13063040611
13063040612
13067030404
13067030406
13067030700
13067031001
13067031002
13067031105
13067031109
13067031310
13067031311
13067031504
13069990100
13071970100
13081980200
13087970100
13089020801
13089021303
13089021304
13089021401
13089021811
13089021904
13089021906
13089022005
13089022100
13089022700
13089023102
13089023105
13089023106
13089023107
13089023203
13089023310
13089023410
13089023802
13093970100
13093970300
13095000100
13095000200
13095001000
13095001100
13095001402
13095010302
13095010601
13097080301
13097080302
13101980100
13105990400
13105990500
13107980100
13107980200
13107980500
13115001100
13115001200
13115001500
13121003300
13121003500
13121004000
13121004600
13121004800
13121004900
13121005000
13121005200
13121005300
13121005501
13121005502
13121006400
13121006700
13121007001
13121007002
13121007200
13121007300
13121007701
13121007702
13121007806
13121008101
13121008102
13121008202
13121008302
13121008601
13121008602
13121008702
13121008800
13121010507
13121010511
13121010512
13121010513
13121011000
13121011304
13125990100
13127000501
13127000700
13135050105
13135050418
13135050520
13139000800
13139001100
13151070304
13153020400
13153020600
13153020800
13159990100
13161960300
13165960200
13167980100
13175950900
13175951100
13179010203
13179010204
13179010300
13183980200
13185010601
13185010800
13185011100
13185011301
13185011402
13191990100
13195020300
13197980100
13197980200
13205980100
13205980500
13209950200
13209950300
13213010100
13215000300
13215000800
13215000900
13215001300
13215001400
13215001600
13215002500
13215002700
13215003300
13215010703
13217100400
13217100700
13227050200
13229960100
13229960200
13243990100
13245000400
13245001200
13245001400
13245010300
13245010400
13245010504
13245010507
13245010511
13245010703
13247060309
13251970500
13255160300
13255160400
13255160800
13255160900
13257970300
13259950200
13263960200
13263960300
13265990200
13271950300
13275960300
13275960400
13279970600
13285960501
13285960800
13285960901
13293990201
13293990400
13293990500
13295020100
13295020700
13299950200
13299950300
13299950800
13303950500
13303950700
13305970400
13309980100
13313000400
13317980100
13319960200
13321950100
13321950400
16005000800
16011950300
16017950100
16019971200
16027020400
16027020500
16027021700
16033950100
16039980500
16047960100
16049960100
16049960400
16049960500
16059980300
16061950300
16065950302
16073950200
16083981400
17001010100
17001010300
17003957600
17003957700
17013951200
17015960300
17019005400
17019010203
17025971900
17029000100
17029000500
17031420100
17031491400
17031500200
17031500300
17031510100
17031510300
17031510400
17031510500
17031520100
17031530100
17031530600
17031540100
17031612100
17031612200
17031680300
17031760900
17031770500
17031805107
17031807000
17031811701
17031821500
17031823603
17031824300
17031824400
17031824900
17031825700
17031825801
17031825803
17031826100
17031826700
17031826800
17031827000
17031827100
17031827500
17031827700
17031828900
17031829000
17031829700
17031830001
17033980100
17033980300
17037001000
17037001100
17037001200
17045070200
17047956900
17049950400
17051950600
17051950700
17051950800
17051951100
17055041200
17057953900
17059972700
17059972800
17065973001
17067953700
17067954300
17069970801
17075950900
17077010100
17077010300
17077011400
17081050200
17081050300
17081050400
17081050900
17087977600
17089850301
17089852903
17089854400
17091011500
17091012400
17091012500
17095000100
17095001600
17097860301
17097861403
17097862200
17097862300
17097862401
17097862901
17097863001
17099964300
17101980900
17103000600
17109010200
17109010400
17109010500
17109010900
17109011100
17113000102
17113000104
17113000200
17113001401
17115001000
17115001100
17115002903
17117956000
17117956200
17119400102
17119400200
17119400300
17119400500
17119400700
17119400802
17119401000
17119401100
17119401200
17119401400
17119401500
17119401701
17119402600
17119403300
17121951600
17121951700
17121952500
17121952700
17125956600
17127970200
17131040200
17131040300
17135957700
17135957800
17135958000
17137951400
17137951600
17137951700
17143000100
17143001500
17143002100
17143004102
17149952400
17149952600
17149952700
17149952800
17151971200
17151971300
17153971000
17153971100
17157950600
17157951100
17159977900
17161020300
17161020600
17161020700
17161021300
17161021400
17161021900
17161022300
17161024300
17163500400
17163500900
17163501300
17163501603
17163501700
17163502500
17163502603
17163502700
17163502800
17163502900
17163503411
17163504201
17163504500
17165955500
17165956000
17167000202
17167000300
17167000600
17167000700
17167001900
17167002700
17169970100
17173959300
17173959600
17175951400
17179020400
17179021101
17181950200
17181950400
17183010100
17187870500
17191955000
17191955100
17191955300
17193958400
17195001000
17195001600
17195001700
17197881200
17197881300
17197882300
17197882900
17197883000
17197883100
17199020200
17199020800
17201002100
17201002200
17201002301
17201002302
17201002400
17201003100
18003001300
18003001400
18003001500
18003001600
18003001700
18003002800
18003002900
18003003301
18003003500
18003003600
18003004200
18003011201
18009975300
18019050200
18019050504
18025952100
18035000200
18035000300
18035001500
18035002000
18041954400
18043070500
18051050500
18053000700
18053000800
18059410500
18065976500
18065976600
18067001100
18069991600
18071967900
18075963000
18089010201
18089010301
18089010302
18089011400
18089011500
18089012300
18089012400
18089012600
18089020500
18089021100
18089021800
18089030300
18089030600
18089030700
18089041500
18089041600
18089041700
18091040100
18091040300
18091041000
18091041300
18093951300
18095000300
18095000400
18095000500
18095001000
18095001100
18095001800
18095001900
18095010200
18095010300
18095010600
18097310305
18097322600
18097330106
18097340700
18097342300
18097350500
18097350600
18097350800
18097351900
18097352300
18097352800
18097353500
18097353600
18097355500
18097357400
18097358000
18097360101
18097360102
18097360404
18097361200
18097361300
18097370202
18097380600
18097380700
18105000401
18105000600
18105000904
18117951500
18127050900
18135951600
18141000100
18141000900
18141001000
18141001500
18141002200
18141002700
18141002800
18141002900
18141003000
18141003400
18141010200
18141011100
18141011200
18143967000
18149954000
18153050300
18157000900
18157005500
18157010300
18157010500
18165020500
18167000900
18167001700
18175967500
18177000500
18177000900
19007950100
19013000100
19013000300
19013000400
19013000800
19013001600
19013002000
19021960300
19023970200
19029990300
19045000300
19047970100
19053960100
19073980500
19101990100
19103002300
19109950300
19113001200
19113001800
19113001900
19113002700
19123950600
19133960400
19135970300
19147960400
19153000103
19153000300
19153001100
19153001200
19153001700
19153001900
19153002700
19153004700
19153004800
19153004900
19153005000
19153005100
19153005200
19153005300
19155021200
19155030401
19155031300
19159950100
19163013400
19169000500
19169000800
19169001100
19169001301
19175990100
19177950100
19177950200
19185970200
19185970300
19187000900
19193000100
19193000700
19193001400
19193001500
19193001600
19193001700
20001952600
20003953700
20005981700
20019994600
20021958300
20021958600
20023950200
20027958100
20029977100
20029977400
20035994000
20035994100
20037956600
20037957500
20039951100
20043020100
20045000200
20045000501
20045000502
20047969600
20049995100
20051972600
20061000100
20061000200
20061000600
20063955100
20065952100
20073995600
20073995800
20075958600
20077991700
20083961100
20089976100
20089976200
20091052905
20095991300
20099950600
20103070100
20103070200
20105986100
20115989800
20117979100
20121100700
20123976700
20131980300
20133952000
20135956100
20137951700
20141974100
20147975100
20147975200
20155000400
20155000800
20155001000
20155001700
20157978100
20161000301
20161000302
20163974700
20165972200
20169000100
20169000200
20173000700
20173000900
20173001500
20173002700
20173003100
20173005400
20173005800
20173006000
20173006100
20173006500
20173007500
20173007800
20173008200
20175965900
20177000600
20177001200
20177002900
20177003001
20177003100
20177004000
20179952600
20181953600
20183975900
20185970600
20201978600
20201978700
20205997100
20207996600
20209040200
20209040300
20209040400
20209040700
20209040900
20209042700
20209043400
20209043905
20209044102
20209044301
20209044500
20209045000
20209045200
21001970100
21001970400
21013961000
21015070301
21015070304
21017030200
21019030400
21019030800
21025980300
21029020700
21037051200
21045950100
21047200200
21051950100
21051950300
21051950600
21067000100
21067000900
21067001100
21067001800
21067001900
21067003101
21067003502
21067003901
21069980400
21073070200
21081980400
21085950100
21085950600
21085950700
21093001500
21099970100
21099970200
21099970300
21101020602
21107971300
21111000700
21111000800
21111000900
21111001100
21111001200
21111001400
21111005300
21111006600
21111008100
21111011901
21111011906
21111012701
21111012702
21111012801
21115960200
21117061200
21117066900
21121990100
21125971000
21127990300
21131980200
21131980300
21135990300
21135990400
21137980300
21145030200
21145030400
21145030600
21163970100
21175950100
21183980400
21187970300
21193970900
21199990100
21199990300
21199990900
21201970100
21219950100
21235980100
21235980200
22001960100
22003950100
22003950300
22003950400
22005030402
22009030700
22013970100
22013970500
22015010400
22017020100
22017020200
22017020400
22017020600
22017020700
22017020800
22017020900
22017021100
22017021300
22017021700
22017021800
22017021900
22017022000
22017022200
22017022500
22017023400
22017023500
22017023600
22017023800
22017024201
22017024602
22019001202
22019001500
22019001600
22019002400
22019003500
22025980100
22025980300
22027950400
22029990200
22029990400
22031950200
22031950700
22033000500
22033000800
22033002100
22033002400
22033002500
22033002800
22033003101
22033003102
22033003300
22033003504
22033003603
22033003604
22033004007
22033004011
22033004201
22035990200
22039950500
22041950100
22041950300
22043020200
22043020401
22045030500
22045030800
22047952502
22049970100
22051020600
22051020700
22051020800
22051020900
22051021802
22051023700
22051026000
22051027400
22051027703
22055000700
22055001001
22055001903
22057020100
22057020500
22057021800
22061960300
22061960400
22061960900
22065960300
22067950100
22067950400
22067950500
22067950600
22067950800
22069990100
22069990200
22069990900
22071000611
22071000701
22071000800
22071000901
22071000902
22071000903
22071000904
22071001100
22071001200
22071001301
22071001302
22071001303
22071001304
22071001401
22071001402
22071001500
22071001600
22071001703
22071001714
22071001722
22071001728
22071001735
22071001738
22071001742
22071002200
22071002300
22071002401
22071002402
22071003304
22071003305
22071003306
22071003307
22071003308
22071006000
22071006900
22071008000
22071008600
22071009400
22071010300
22071011200
22071012101
22071012300
22071012600
22071012700
22071012900
22071013000
22071013100
22071013200
22073000402
22073000500
22073000600
22073000700
22073000800
22073000900
22073001001
22073001002
22073001100
22073001400
22073001500
22073005500
22073005600
22073005900
22073010601
22073010700
22075050500
22075050700
22077952000
22079010900
22079012800
22079012900
22079013300
22079013500
22079013600
22081960100
22083970500
22083970600
22085980600
22087030101
22087030103
22089062800
22091951200
22095070600
22095071000
22097960100
22097960200
22097960300
22097960600
22097960900
22097961300
22101040400
22101040700
22105954101
22105954200
22105954400
22105954500
22107980100
22107980200
22107980300
22109000102
22109000300
22109000600
22109000900
22109001400
22109001600
22111960200
22113950700
22117950100
22117950200
22117950400
22117950800
22119031300
22119031700
22127960400
23003950100
23003950700
23003952300
23003952900
23005011100
23007991000
23007991200
23013970600
23019000900
23019001000
23019006100
23019007100
23019012500
23019024500
23019025500
23019028500
23021960400
23025985600
23027046000
23029955100
23029955900
23031025202
24001000100
24001000400
24001000500
24001001300
24001001401
24001001402
24003702500
24003740105
24003740602
24005401200
24005401501
24005402401
24005402404
24005408506
24005408507
24005421200
24005421300
24005450200
24005490301
24013507801
24015030400
24019970800
24019970900
24021750700
24021753000
24025302400
24029950300
24031700706
24031703207
24033801104
24033801405
24033801701
24033801702
24033801704
24033801706
24033801708
24033801906
24033802001
24033802104
24033802105
24033802405
24033802803
24033802804
24033803100
24033803508
24033803518
24033803519
24033803602
24033804300
24033806602
24033806711
24033807000
24033807200
24033807406
24037996001
24039980200
24041960400
24045000100
24045010101
24045010102
24045010800
24047990100
24047990300
24510150900
24510250600
24510260403
24510260605
24510271700
24510280200
24510280301
24510280302
25001010100
25001011200
25001011600
25001012000
25001012400
25001012500
25001014600
25003900400
25003900700
25003901000
25003921400
25005613600
25005613700
25005613900
25005640100
25005640300
25005640800
25005641600
25005641700
25005650102
25005650201
25005650300
25005652800
25005655200
25005655300
25009205600
25009207200
25009221600
25009221700
25009250600
25009250700
25009250800
25009260600
25013800100
25013800201
25013800202
25013801401
25013801402
25013801501
25013802100
25013810403
25013810700
25013811000
25013811102
25013811200
25013811800
25013812000
25013812200
25015820300
25015820400
25015822402
25017312200
25021417802
25021422502
25023510502
25023510503
25023511302
25023530200
25023545100
25023545300
25025051000
25025130401
25025170400
25027710200
25027710400
25027710500
25027710600
25027710800
25027716300
25027731000
25027731800
25027731900
25027732001
25027732203
25027754400
25027757100
26001980200
26003980300
26007000100
26007000200
26013950200
26017280100
26017280200
26017280300
26017280400
26017280900
26017281000
26017281100
26017281200
26017281300
26021000300
26021000500
26021000600
26021002100
26021002200
26021002300
26021020500
26021020900
26021021000
26021021100
26021021200
26021021300
26023950700
26025000300
26025000700
26025001000
26025001300
26025002100
26027001400
26029980500
26031960400
26031960700
26031960800
26033970700
26033970900
26033971000
26033971100
26037010203
26039960100
26041970100
26041970800
26043950100
26043950500
26045020900
26047970100
26047970200
26049001000
26049001100
26049001400
26049001500
26049001800
26049001900
26049002000
26049002100
26049002500
26049002800
26049003200
26049003600
26049003700
26049003800
26049004000
26049010113
26049010304
26049010305
26049010811
26049010812
26049011301
26049011302
26049012003
26049012201
26053950100
26053950500
26053950600
26055991300
26057990300
26057990400
26059051200
26061990700
26061991000
26063950100
26063950200
26063950300
26063951200
26065000100
26065000200
26065000500
26065000600
26065000700
26065001200
26065001300
26065001400
26065001500
26065001900
26065002000
26065002100
26065002902
26065003200
26065003301
26065003601
26065003602
26065003700
26065004100
26065005100
26065005201
26069990100
26069990900
26069991100
26073950500
26075000200
26075000300
26075001300
26075005900
26077000100
26077000500
26077000900
26077001504
26077001507
26077002201
26077002903
26081000900
26081001300
26081001400
26081012606
26081013801
26081014200
26083960400
26085960100
26087337000
26087339500
26091060800
26091061100
26091061301
26091061400
26095960200
26097950200
26097950300
26097950400
26099218000
26099231300
26099240000
26099245000
26099245100
26099245400
26099247000
26099247100
26099255700
26103002300
26105950100
26105950400
26105950500
26107960100
26107960500
26107960600
26107961100
26109960100
26109960200
26109960300
26109960600
26111290100
26113960100
26121000100
26121000200
26121000300
26121000400
26121000500
26121000601
26121000602
26121000700
26121000800
26121001902
26121002000
26121003200
26125141400
26125142100
26125142500
26125144900
26125162500
26131970200
26131970300
26133970200
26133970300
26137950100
26137950300
26139022300
26141950100
26141950300
26141950400
26141950500
26141950600
26143970200
26143970900
26145000200
26145001100
26145001300
26145010800
26145011000
26145011500
26147620000
26147621000
26147622000
26147623000
26147624000
26147625000
26147626000
26147628000
26147636000
26149040800
26151970200
26153990100
26153990200
26155030600
26155030700
26155030800
26161400200
26161400300
26161402100
26161402200
26161403600
26161404200
26161405100
26161407400
26161410300
26161410500
26161410600
26161411000
26161411100
26161411200
26161412100
26161412200
26161412300
26161412600
26161413000
26163507600
26163507700
26163507800
26163507900
26163508000
26163510400
26163510500
26163520700
26163523500
26163523700
26163530100
26163530200
26163538300
26163543600
26163543700
26163543800
26163543900
26163544000
26163544100
26163544300
26163545700
26163546400
26163546500
26163560900
26163564000
26163564900
26163565300
26163567000
26163570200
26163570400
26163570600
26163570800
26163570900
26163571000
26163572500
26163583100
26163583200
26163584300
26163584800
26163585500
26163585600
26163585800
26163586000
26163599000
27001990100
27001990200
27001990400
27001990500
27003050607
27003050807
27003051201
27003051206
27003051400
27005950100
27005950200
27005950600
27005951000
27007950400
27007950500
27007950800
27011950100
27011950200
27013971101
27013971200
27015960100
27017970600
27021960700
27027020400
27027030102
27029000200
27029000300
27033970100
27033970200
27035951000
27035951100
27035951200
27035951400
27035951600
27037060402
27037060505
27037060805
27041950100
27041950200
27041950600
27041950700
27041950800
27043960200
27043960500
27047980500
27047980900
27051970100
27051970200
27053000101
27053000102
27053000601
27053003200
27053003300
27053003501
27053012101
27053012102
27053020200
27053020500
27053024802
27053024903
27053025000
27053025100
27053025201
27053025401
27053025403
27053026818
27053026819
27053100200
27053100400
27053100500
27053103400
27053104100
27053110000
27053110400
27057970200
27057970300
27057970400
27059130200
27061980100
27061980200
27061980400
27061980600
27063980200
27063980400
27065980100
27067980800
27067981000
27067981200
27069990100
27069990200
27071990200
27071990500
27073980200
27077960100
27077960200
27081950100
27081950200
27083960500
27083960600
27087960300
27089980100
27089980200
27089980300
27091990200
27091990300
27091990400
27091990600
27093960600
27097980100
27097980400
27097980500
27097980700
27099000300
27099000800
27099001300
27101980100
27101980200
27101980300
27105990100
27105990200
27107960100
27107960200
27107960300
27111960100
27111960700
27111961300
27111961500
27113990400
27115950100
27115950200
27115950300
27115950400
27115950700
27117960100
27117960400
27117960500
27119020600
27119020900
27119021000
27121970100
27121970300
27123030602
27123030703
27123030704
27123031100
27123031700
27123031801
27123031802
27123034400
27123034601
27123034602
27123036700
27123036800
27123040802
27123040902
27123041200
27123042602
27125010100
27125010200
27127950400
27127950500
27127950600
27129990100
27129990600
27133970100
27133970300
27135970200
27135970500
27137000900
27137001800
27137001900
27137002000
27137002400
27137002500
27137002600
27137002700
27137002800
27137002900
27137003000
27137003100
27137003200
27137003600
27137003700
27137011200
27137011300
27137012500
27137015500
27139080100
27145010900
27151960100
27151960200
27153990200
27153990300
27153990400
27153990500
27153990700
27155960200
27159980100
27159980200
27163070103
27163071003
27165950100
27165950300
27167950100
27173970300
27173970400
28001000300
28001000400
28003950300
28005950100
28005950200
28009950100
28011950100
28011950300
28011950400
28011950700
28017950300
28021950300
28023950300
28025950100
28025950200
28027950100
28027950700
28029950100
28029950200
28029950400
28029950600
28035000600
28035001000
28035001100
28037950100
28037950200
28043950300
28047000100
28047000200
28047001202
28047001300
28047001800
28047002400
28047002500
28047002600
28049000700
28049000800
28049002000
28049002100
28049002200
28049002300
28049002400
28049002600
28049002700
28049003000
28049003100
28049003300
28049010201
28049010301
28049010600
28049010901
28049010902
28049011001
28053950200
28053950300
28055950100
28059041100
28059041500
28059041600
28059041700
28059041800
28059042000
28059042100
28061950100
28063950100
28067950600
28067951000
28069030100
28069030200
28071950200
28071950300
28075000400
28075000700
28077960100
28077960200
28079040200
28079040300
28079040500
28083950100
28083950700
28083950800
28083950900
28085950500
28085950600
28087000600
28087001000
28089030500
28089030900
28089031000
28091950200
28091950300
28091950400
28091950500
28091950600
28093950500
28095950800
28097950100
28097950200
28097950300
28099010400
28101050500
28103950100
28103950200
28105950400
28105950700
28107950100
28107950200
28107950600
28109950600
28109950700
28111950200
28113950700
28119950100
28121020701
28123020200
28125950100
28127950400
28127950500
28131020100
28133950402
28135950300
28135950400
28143950100
28147950100
28147950300
28149950100
28149950200
28149950300
28149950400
28149950500
28151000300
28151000600
28151001300
28151001500
28153950200
28153950400
28157950100
28157950200
28159950200
28161950200
28163950100
28163950300
28163950500
29009960300
29011960200
29013970300
29015960200
29015960800
29017950300
29019000401
29019000402
29019000500
29021000400
29021001200
29021002100
29023950400
29023950600
29023950900
29025950100
29029950500
29029950800
29031980900
29033960200
29035960100
29035960200
29037060100
29039970100
29039970200
29041970200
29045950100
29047020000
29047020500
29047020602
29051010100
29051010500
29055950200
29057980100
29059980100
29059980300
29061970100
29063980100
29065960100
29065960200
29067950100
29069960500
29069960600
29073960400
29077001800
29077002200
29077002300
29077003200
29077003300
29077003600
29077004803
29079960100
29079960200
29079960300
29079960400
29081950100
29083950400
29083950500
29083950600
29085970100
29087960100
29087960200
29091990400
29091990600
29091990700
29093970400
29095000501
29095000502
29095002500
29095002600
29095003000
29095003200
29095004500
29095005901
29095005902
29095007802
29095007900
29095008800
29095008900
29095009600
29095010201
29095010204
29095010302
29095010401
29095010500
29095010802
29095010901
29095010902
29095011000
29095011300
29095011405
29095012000
29095012300
29095013003
29095013204
29095013301
29095013401
29095013406
29097010100
29097010300
29097011600
29099700601
29101960600
29101960800
29103960100
29105960100
29105960298
29105960500
29105960600
29107090300
29109970600
29111970200
29111970300
29119970100
29121980200
29123960100
29123960200
29127960900
29129970100
29131982900
29139970100
29145021000
29147970100
29147970300
29149980100
29149980300
29153970100
29153970200
29155970200
29155970300
29159981000
29161990300
29161990400
29161990600
29165030002
29169970386
29171960100
29179980100
29181970100
29181970200
29181970400
29185980100
29185980200
29185980300
29187951100
29189210200
29189210300
29189210701
29189211800
29189212100
29189212200
29189212500
29189213400
29189213500
29189213600
29189213700
29189213900
29189214300
29189214600
29189220200
29189220300
29189221800
29195990400
29197970100
29197970200
29199980100
29201981200
29203970100
29203970200
29205950100
29205950300
29211980100
29211980200
29213980400
29215980100
29215980200
29215980300
29217950100
29221960200
29221960500
29223990100
29223990200
29223990400
29227980100
29229990100
29510101800
29510104500
29510105200
29510106200
29510107200
29510107300
29510107400
29510108100
29510108400
29510108500
29510115600
29510118100
29510118400
29510121400
29510122100
29510123200
29510123300
29510123400
30001000100
30003000400
30003940300
30003940500
30003940600
30003940700
30005940200
30011000300
30015940100
30019940200
30019940300
30019940500
30021000100
30029000100
30029940100
30033000100
30035940100
30035940300
30037000100
30041940100
30041940200
30045000100
30047940100
30047940200
30047940700
30049000100
30051050100
30053000500
30061994500
30061994600
30063000500
30069000100
30071940200
30073940300
30073977100
30081000800
30085940100
30085940200
30087940400
30089000100
30089940100
30091940100
30091940200
30093000100
30105940500
30107000100
30111000300
30111000901
30111000902
30111001000
31003979600
31003979800
31005958300
31009972400
31011980100
31015975800
31019969600
31021940100
31027977200
31031955900
31039982600
31039982700
31041971700
31041971800
31041972000
31045950600
31047968000
31051940200
31055000400
31055000500
31055001100
31055001800
31055002200
31055002300
31055002700
31055002800
31055002900
31055006000
31055006101
31055006102
31055006202
31055006301
31055006302
31055007001
31055007003
31057962300
31061964600
31065963700
31065963800
31069952100
31075956300
31077970900
31085961500
31087962700
31089974000
31089974100
31091956700
31101000300
31103975400
31107967100
31107976100
31107976200
31107976300
31109000600
31109002900
31109003202
31109003500
31115972800
31117957900
31123952500
31129992600
31133997800
31139979200
31147998400
31147998500
31149974600
31153010302
31153010304
31157952900
31157953100
31161951700
31163970100
31165950100
31167982100
31169993100
31169993200
31171957100
31173940100
31173940200
31175971300
31181965100
31183973600
32001950300
32003001100
32003002300
32003002403
32003002405
32003002601
32003002602
32003003602
32003003700
32003004600
32003004707
32003004712
32003005010
32003005421
32003005703
32003005818
32003006201
32005000600
32007950600
32015000100
32019960200
32021940200
32021970400
32023980406
32031001500
32031002702
32031940100
32033970100
32510000600
33005971300
33007950300
33009960500
33011000600
33011010500
33013032900
33015003400
33015003500
33015055002
33015063000
33015100302
33017080201
33017080202
33017083001
33017083002
33017084200
34001001200
34001001400
34001001900
34001002500
34001010102
34001010103
34001010300
34001010402
34001010503
34001011300
34001011702
34001011900
34001012702
34001013100
34005700104
34005700603
34005700900
34005701203
34005701402
34005702000
34005702111
34005702205
34005702300
34005702602
34005703203
34005703500
34007600100
34007600700
34007601000
34007602800
34007605000
34007607100
34007607701
34007608204
34007608302
34007609000
34007609204
34007610100
34007610200
34009020102
34009021200
34009021300
34009021600
34009021802
34009021803
34009021804
34009022000
34011010101
34011010200
34011010700
34011020300
34011020400
34011020501
34011020600
34011030200
34011040200
34011040400
34011040500
34011040600
34011040902
34013007400
34013017700
34013018100
34015500100
34015500300
34015500400
34015501001
34015501101
34015501302
34015501604
34017010800
34021001200
34021002701
34021002800
34021002902
34023000607
34023002703
34023002705
34023003300
34023003800
34023003900
34023006000
34023006800
34023007402
34023008001
34023008205
34023008206
34025800100
34025801600
34025801700
34025804700
34025805400
34025805500
34025805700
34025805900
34025806501
34025810002
34025810800
34025811000
34027041801
34029713203
34029713300
34029713402
34029715900
34029716000
34029720102
34029720103
34029720201
34029720202
34029720203
34029722200
34029723500
34029724000
34029728000
34029729000
34029731201
34029731202
34029731203
34029731205
34029731206
34029736002
34029736102
34029737000
34031223900
34033020400
34033022100
34035050400
34035051100
34035051400
34035051500
34035053000
34037371200
34039035800
34041032400
35001000713
35001001102
35001001200
35001002000
35001002300
35001003400
35001003734
35001004401
35001004705
35001004732
35001940300
35001945900
35003976200
35005000200
35005001400
35006941500
35006945800
35006945900
35006946000
35006974201
35006974500
35009000100
35009000202
35009000900
35013000200
35013000401
35013001101
35013001600
35013001704
35013001705
35013001801
35013001803
35015000402
35015000500
35015000800
35017984400
35017984500
35019961600
35023988100
35025000400
35025001002
35027980200
35029000300
35029000400
35029000500
35031940200
35031940300
35031940400
35031943400
35031943500
35031943600
35031943700
35031943800
35031943900
35031945600
35031945700
35031945800
35031946000
35033955200
35035000800
35035000900
35039000300
35039000600
35039940700
35039940900
35039943300
35041000300
35043010102
35043010301
35043010302
35043940200
35043940900
35043943300
35045000100
35045942800
35045942900
35045943100
35045943200
35047957400
35047957500
35047957700
35047957800
35049000800
35049001201
35049001300
35049010308
35051982400
35053946100
35053978100
35053978200
35055952300
35055952900
35057963203
35057963400
35057963500
35061940100
35061970101
35061970401
36001000100
36001000200
36001000300
36001000404
36001000700
36001000800
36001002000
36001002600
36001012900
36001013100
36003950200
36007000300
36007000400
36007013700
36009961800
36013030100
36013030600
36013035400
36013035500
36013036700
36015001100
36015011100
36019100400
36019101600
36021991200
36021991300
36025991300
36027140300
36027220100
36027220200
36029000300
36029000500
36029004300
36029004401
36029004402
36029010102
36029011400
36029011901
36029012100
36029012200
36029012300
36029012400
36029013001
36031961400
36033950300
36033950700
36035990700
36035990800
36035990900
36041950400
36041950500
36043010201
36043010501
36043011500
36049950100
36049950200
36049950600
36049950700
36051030400
36051030500
36051030900
36051031400
36055001800
36055001900
36055002700
36055003000
36055003200
36055003300
36055003400
36055003600
36055006500
36055007000
36055008301
36055008701
36055008900
36055009302
36055009400
36055009500
36055013103
36055013902
36057070200
36057070300
36057070400
36057070800
36057070900
36059517704
36063020200
36063020300
36063021700
36063022000
36063023500
36063023700
36063023800
36065020900
36065021301
36065021404
36065022500
36067005100
36067005800
36067011102
36067012900
36067014100
36067014300
36071002100
36071011300
36073040700
36075020100
36075020901
36077990600
36077990700
36081095200
36081096400
36081097201
36081097202
36085000700
36085001800
36085007400
36087010702
36087011503
36087012101
36087012201
36089990700
36089991100
36089991400
36089991800
36089992400
36089992600
36089992800
36089992900
36093020102
36093020200
36093020300
36093020900
36093021001
36093021002
36093021101
36093021200
36093021302
36101961200
36101961800
36101962000
36101962400
36103123001
36103145901
36103145902
36103146607
36103147200
36103158007
36103158112
36103158317
36103158406
36103158407
36103158408
36103158607
36103158608
36103158704
36103158705
36103158711
36103159000
36103159103
36103159201
36103159404
36103159406
36103159408
36103159504
36103159505
36103159508
36103169800
36103169900
36103190602
36105951800
36107020703
36111951700
36111953400
36111953500
36111954800
36117021200
36119011901
37001020101
37001020200
37001020400
37001021201
37009970200
37015960100
37017950200
37021001000
37021001300
37021001500
37021002000
37025040700
37025041000
37025041900
37025042100
37027030100
37027030400
37035010402
37035010900
37037020500
37041990200
37045950900
37045951000
37045951100
37049960800
37049961200
37051000500
37051001000
37051001200
37051001500
37051001700
37051002200
37051002300
37051002400
37051003308
37051003400
37057060700
37057060800
37057060900
37057061000
37057061600
37061990300
37063001002
37063001501
37063001502
37063001802
37063002009
37065020300
37065020400
37067000100
37067000802
37067000900
37067001400
37067001500
37067001602
37067001700
37067001800
37069060200
37069060300
37071030900
37071031301
37071031302
37071031900
37071032000
37071032100
37071032302
37081010702
37081011101
37081011102
37081011200
37081011400
37081011602
37081011905
37081012706
37081012707
37081013900
37081014200
37081014300
37081014501
37081014502
37081014503
37083990800
37087980100
37089991400
37091950200
37091950400
37093970300
37095980100
37097060200
37097060300
37097060400
37105030400
37107010500
37109070100
37115010100
37115010200
37119001603
37119001604
37119001800
37119003201
37119003802
37119003901
37119003902
37119004400
37119004500
37119004600
37119005303
37119005304
37121950100
37129010100
37129010800
37129010900
37129011000
37129011200
37129011300
37129011400
37129011901
37133000800
37133000900
37133001100
37133001900
37133002400
37135011000
37135011300
37135011400
37135011600
37135011700
37139960100
37139960200
37139960400
37141980500
37145980300
37147000701
37147000702
37147001800
37151030400
37151031400
37153970700
37155960100
37155960500
37157040400
37157041200
37159050600
37159051500
37159051600
37159051700
37161960600
37161960800
37163971000
37167990600
37169070100
37179020402
37181960800
37183050900
37183051900
37183052001
37183052002
37183052101
37183052201
37183052202
37183052302
37183052402
37183052404
37187950100
37191001400
37191001500
37193960500
37193960700
37195000200
37195000300
37195000801
38001965600
38005940100
38013953100
38013953200
38015011500
38017000300
38017000600
38021973400
38025940100
38027940200
38029966400
38035010300
38035011900
38037965700
38037965800
38043966600
38043966700
38045972200
38047972500
38049955700
38051972900
38053940100
38053962300
38053962500
38055940300
38057940300
38057961498
38059020500
38061955200
38077940200
38077940300
38079951700
38079951900
38083960200
38085940100
38085940200
38087965000
38089964000
38101010700
38101010900
38101940300
38103959900
39001990500
39003012300
39003012400
39003012500
39003012900
39003013000
39003013300
39003013800
39007000102
39007000103
39007000703
39009973000
39009973102
39009973103
39009973600
39013010100
39013012000
39015951800
39017010101
39017010103
39017010500
39017012200
39023000100
39023000200
39023000300
39023000400
39023000500
39023000700
39023000800
39023000901
39023000902
39023001000
39023001700
39025041102
39025041403
39029951200
39029951800
39029952000
39029952200
39031991300
39033974400
39035101101
39035101200
39035101700
39035102101
39035102102
39035104200
39035104300
39035104500
39035104701
39035104800
39035105700
39035117101
39035118100
39035118200
39035120100
39035121800
39035122300
39035124400
39035133104
39035137101
39035152502
39035152603
39035172103
39035180104
39035188105
39035188107
39035190502
39035191500
39035193900
39043040900
39043041000
39045031600
39045032300
39049001400
39049001500
39049002300
39049002510
39049002520
39049002600
39049002800
39049002900
39049003000
39049003600
39049003800
39049004900
39049006942
39049007410
39049007531
39049007532
39049007533
39049007540
39049007550
39049008241
39049008312
39049008340
39049008811
39049008813
39049008821
39049009210
39049009312
39049009323
39049009325
39049009337
39053953700
39057200102
39057200500
39059977300
39061000100
39061000200
39061002800
39061003800
39061004400
39061004702
39061005500
39061005600
39061006100
39061006400
39061008000
39061008202
39061008501
39061008601
39061008700
39061008900
39061009100
39061009200
39061009600
39061010300
39061010400
39061010800
39061022301
39061022700
39061024901
39061025700
39063000500
39065983400
39077996300
39079957600
39081011100
39083987100
39085202100
39085204200
39087050400
39087050500
39087050600
39087051001
39089751000
39089751300
39089753300
39091984100
39093022601
39093023000
39093023600
39093070300
39093070500
39093070901
39093070902
39095001202
39095003400
39095004600
39095007303
39095008700
39097040700
39099800200
39099800300
39099800400
39099800500
39099800600
39099800700
39099800900
39099801000
39099801300
39099801700
39099801900
39099802000
39099802100
39099802200
39099802300
39099802400
39099802500
39099802600
39099802701
39099803100
39099803400
39099803500
39099803700
39099804000
39099804100
39099804300
39099804400
39099810200
39099810300
39099810800
39099811100
39099812400
39101000100
39101000200
39101000300
39101000400
39105964300
39109315100
39109365200
39113000100
39113000802
39113000900
39113001200
39113001800
39113001900
39113003500
39113004100
39113030100
39113050402
39113060300
39113070300
39113070400
39113070700
39113080500
39113080600
39113080700
39113090302
39113090600
39115968900
39115969100
39119981500
39119982100
39121968300
39127966200
39129021300
39131952700
39133600901
39133601200
39133601503
39139000400
39139000500
39139000600
39139000700
39139001000
39139001500
39139001600
39141956700
39145992300
39145992900
39145993200
39145993700
39145993900
39149972000
39151700400
39151700800
39151702100
39151702300
39151710200
39153501301
39153501302
39153502300
39153502600
39153503300
39153503500
39153503600
39153503800
39153504400
39153504500
39153504600
39153505600
39153505800
39153505900
39153506400
39153506500
39153506600
39153506800
39153506900
39153507400
39153507500
39153510301
39153510400
39153510500
39153531002
39153531101
39155920600
39155921600
39155932100
39155932600
39157021100
39163953000
39165030102
39165032500
39169000500
39173021900
40001976800
40001976900
40003955600
40005987600
40005987900
40011958900
40013995600
40013995900
40013996500
40015961700
40015961800
40017300300
40021978000
40021978200
40023996900
40023997300
40027201201
40027201202
40027202405
40029988100
40029988200
40031000100
40031000200
40031000800
40031001400
40031001500
40037021300
40041976100
40041976200
40045952800
40047000100
40049991100
40049991900
40051000400
40061979300
40063984600
40063985000
40067971700
40069990198
40069990200
40069990300
40071000500
40075964200
40077987100
40079040298
40079040400
40079040500
40079040600
40079040700
40087400400
40089998200
40089998300
40089998500
40089998900
40091979800
40091979900
40095994700
40101000100
40101000300
40101000600
40107980600
40107980700
40109100500
40109101300
40109101500
40109102600
40109103000
40109103400
40109103700
40109103800
40109103900
40109104000
40109104100
40109104900
40109105201
40109105202
40109105300
40109105700
40109105907
40109106301
40109106302
40109106912
40109106913
40109107206
40109107212
40109107303
40109107305
40109107306
40109107805
40109107810
40109107900
40109108003
40109108010
40109108011
40109108204
40109108602
40113010700
40113010800
40115974800
40119010400
40119010600
40119010700
40119010800
40121985700
40121986800
40125500500
40125501300
40127997600
40133983600
40141970100
40141970500
40143000100
40143000300
40143000900
40143002500
40143002700
40143004600
40143004900
40143005700
40143006200
40143007402
40143007609
40143007900
40143008001
40143008002
40143008800
40143009300
40147000100
40147000900
41001950100
41001950300
41001950600
41003000100
41005021900
41011001100
41013950400
41015950100
41017990900
41019170000
41019210000
41023960100
41023960200
41025980200
41029000300
41029001301
41029001700
41029001800
41029002600
41031960400
41033360100
41033360701
41033360702
41033361100
41033361200
41035970100
41035970200
41035970400
41035970500
41035971900
41037960100
41039000500
41039001500
41039002102
41039004100
41039004200
41043020800
41043030903
41043030904
41045970100
41045970400
41045970800
41047001000
41047001801
41047010304
41047010400
41051003901
41051004101
41051007300
41051007600
41051007700
41051008500
41051008902
41051009000
41051009301
41057960100
41059950100
41059950700
41061970200
41061970700
41063960200
41065970200
41065970500
41065970800
41067030900
41067031612
41069980100
41071030702
42003040900
42003120100
42003120300
42003150100
42003150400
42003151500
42003210800
42003280500
42003310100
42003424000
42003448000
42003462100
42003468800
42003468900
42003492700
42003493000
42003504100
42003506000
42003507000
42003508000
42003512000
42003522000
42003523100
42003552200
42007600400
42007601100
42007601200
42007601300
42007601600
42007602800
42007603500
42007604100
42007604500
42009981000
42009981100
42011000300
42011014000
42013011002
42013100900
42017100103
42017100208
42017100303
42017100304
42017101100
42017101605
42017105812
42019910400
42019910500
42021000400
42021000800
42021000900
42021010100
42021010500
42021011600
42023960100
42025020400
42025020900
42027010100
42027012000
42029305400
42029305500
42029305600
42029305800
42029305900
42029310900
42033331100
42033331500
42033331900
42035970700
42037051200
42039110900
42041010100
42041011000
42041012000
42043021100
42043021200
42043021300
42043021400
42043021500
42043021600
42043023300
42043023400
42043023500
42045403701
42045404500
42045405100
42045405200
42045405300
42045405400
42045405700
42045406402
42045406500
42045406600
42045406700
42049000600
42049001900
42049003000
42049010109
42049012202
42051260500
42051261200
42051261800
42051262300
42051262800
42051263300
42055010100
42055011000
42055011200
42057990200
42059970400
42063962000
42065950700
42069102900
42069110800
42071013602
42073000200
42073000300
42073000400
42073000600
42073000700
42073000900
42073001000
42075003600
42077000300
42077005902
42079210200
42079213200
42079214300
42079214500
42079214600
42079214700
42079214800
42079215000
42079215100
42081000800
42081000900
42081001000
42081010100
42085030100
42085030200
42085030300
42085030600
42085031500
42085031600
42085032100
42087960300
42087960700
42091201302
42091204102
42093950300
42095010700
42095011200
42097960300
42097960600
42097962400
42099030602
42101014200
42101018300
42101018400
42101024900
42101025000
42101032100
42101032700
42101036400
42105950100
42105950400
42107000700
42107001000
42107002200
42109980500
42111020400
42111021100
42113980200
42115032400
42117991000
42121201000
42123971400
42125764000
42125772700
42125773100
42125775200
42125775300
42125793700
42129802600
42129805200
42129806300
42129806600
42129806900
42129807600
42129807800
42129808600
42133022100
44001030700
44007000101
44007000700
44007017400
44007017800
44007017900
44009051504
45001950600
45003021100
45003021400
45007000400
45007000500
45007000700
45007011900
45009960100
45013000400
45013010800
45015020100
45015020200
45015020401
45019003106
45019003110
45019003300
45019003600
45019003700
45019003900
45019004000
45019004100
45019004200
45019004300
45019004400
45019004500
45021970302
45023020200
45025950200
45025950700
45025950800
45029970100
45029970300
45029970700
45031010600
45031010700
45031011200
45035010300
45039960100
45041000700
45041000800
45041000900
45045000500
45045000700
45045000800
45045000900
45045001202
45045002003
45045002104
45045002105
45045002106
45045002201
45045002202
45045002301
45045002302
45045002303
45045002304
45045003005
45045003602
45045003704
45047970500
45049980300
45057010500
45059980700
45061980400
45063020100
45063020300
45063020505
45063020509
45073030701
45075011200
45075011300
45077010801
45077010803
45077011201
45079000300
45079000400
45079000600
45079000700
45079001000
45079001500
45079002601
45079002602
45079010403
45079010501
45079010502
45079010701
45079010703
45079010803
45079011304
45079011605
45079011702
45079012000
45083020301
45083020400
45083020500
45083020700
45083020900
45083021001
45083021100
45083021700
45083021802
45083023101
45083023300
45085000898
45085001100
45085001600
45085001801
45087030200
45089970700
45089970800
45091060300
45091060402
45091060501
45091060901
45091061201
45091061601
45091061602
46007940200
46007940600
46007940700
46007940800
46007940900
46007941000
46007941100
46015973100
46017974600
46019997600
46023970200
46025955700
46031940500
46031940600
46031940700
46031940800
46031940900
46041941300
46041941400
46041941600
46043969600
46045982200
46049981100
46053971200
46063998700
46065940100
46067968800
46069940100
46071940100
46071940200
46071991100
46073974100
46081996500
46085940100
46089983100
46091940100
46093020100
46095940300
46099000100
46099000200
46103010300
46103010600
46103011500
46105998300
46109940300
46109940600
46113940200
46113940300
46113940400
46113940500
46113940600
46113940700
46121940100
46121940200
46123971600
46135966100
46137941100
46137941200
47001021000
47005963200
47005963300
47011010300
47011010400
47013950600
47019070300
47019070400
47019070500
47019071300
47019071700
47021070300
47025970400
47025970500
47029980400
47029980600
47029980700
47031970900
47035970300
47035970700
47037010302
47037010401
47037010402
47037010903
47037010904
47037011001
47037011300
47037011600
47037012701
47037012702
47037012801
47037012802
47037013600
47037013700
47037013800
47037013900
47037014200
47037014300
47037014400
47037014500
47037014600
47037015801
47037016200
47037016300
47037016500
47037019001
47037019003
47037019108
47045964300
47051960500
47059090100
47059091400
47063100100
47063100200
47063100400
47065000100
47065000200
47065000300
47065000400
47065001000
47065001100
47065001200
47065001300
47065001500
47065001600
47065001800
47065001900
47065002000
47065002600
47065003100
47065011600
47069950600
47071980500
47075980800
47079969000
47081950500
47091956100
47093000100
47093000200
47093000800
47093000900
47093001000
47093001100
47093001200
47093001300
47093001400
47093001500
47093001800
47093002100
47093002200
47093002400
47093002600
47093002700
47093002800
47093002900
47093003000
47093004000
47099960200
47113000400
47113000500
47125100800
47125100900
47125101001
47129110100
47129110200
47129110300
47135990100
47137985100
47143975400
47145030700
47149041400
47149041600
47151975300
47157000200
47157000300
47157000400
47157000500
47157000700
47157001500
47157002000
47157002100
47157002700
47157003700
47157003800
47157005600
47157005700
47157006000
47157006700
47157006800
47157007000
47157007500
47157007810
47157007821
47157007822
47157007900
47157008900
47157009100
47157010000
47157010120
47157010220
47157010300
47157010410
47157010420
47157010900
47157011020
47157020512
47157020521
47157020542
47157021620
47157021731
47157022021
47157022022
47157022210
47157022220
47157022310
47157022321
47157022410
47157022422
47163040500
47163041700
47163041800
47163042701
47163043000
47165020300
47165020700
47165020800
47167040700
47167041000
47177990500
47179061000
47181950100
47181950400
47183968700
47189030400
47189030500
47189030700
48001950700
48003950300
48005000500
48005000600
48005001200
48007950400
48013960300
48013960500
48017950100
48021950600
48025950100
48025950300
48025950500
48025950600
48027021000
48027022200
48027022300
48029110100
48029110300
48029110800
48029110900
48029120200
48029120502
48029120701
48029121402
48029121404
48029130200
48029130300
48029130400
48029130500
48029130600
48029130800
48029130900
48029131000
48029131100
48029131200
48029131300
48029131501
48029140600
48029141100
48029141200
48029141300
48029150100
48029151200
48029151300
48029151600
48029151700
48029152100
48029152200
48029160400
48029160701
48029160702
48029160900
48029161302
48029161501
48029161502
48029171300
48029171400
48029171500
48029171600
48029171700
48029171902
48029171903
48029180300
48029180400
48029180504
48029181003
48029181401
48029181402
48029181504
48029181602
48029181806
48029181808
48029190100
48029190200
48029190502
48029191302
48033950100
48035950100
48037010400
48037010500
48037010700
48037011700
48039660900
48039664000
48039664300
48041000201
48041000300
48041000500
48041000603
48041000604
48041000700
48041000900
48041001302
48041001400
48041001500
48041001601
48041001603
48041001700
48041001802
48043950100
48043950400
48045950200
48047950100
48047950200
48049950600
48049951000
48053960500
48055960600
48055960700
48057990200
48057990500
48061010202
48061010500
48061010601
48061011700
48061011801
48061011802
48061012402
48061012506
48061012605
48061012608
48061012609
48061012610
48061012900
48061013203
48061013204
48061013205
48061013206
48061013207
48061013208
48061013305
48061013307
48061013308
48061013309
48063950200
48067950200
48067950300
48067950400
48073950400
48075950200
48079950100
48081950200
48083950600
48083950700
48085030900
48089750200
48091310401
48093950400
48099010601
48101950100
48113000403
48113002000
48113002701
48113002702
48113003400
48113003800
48113003901
48113003902
48113004000
48113004100
48113004900
48113005400
48113005500
48113005901
48113007804
48113008400
48113008500
48113008603
48113008604
48113008701
48113008900
48113009101
48113009303
48113010000
48113010102
48113010500
48113010601
48113010602
48113010704
48113010901
48113011104
48113011105
48113011200
48113011602
48113011702
48113012000
48113012100
48113012602
48113013006
48113013615
48113013901
48113014103
48113014116
48113014204
48113014702
48113014801
48113014802
48113015303
48113015500
48113016001
48113016100
48113016407
48113016605
48113016701
48113016705
48113016901
48113017004
48113017101
48113017703
48113018504
48113019019
48113019033
48115950500
48117950400
48125950300
48127950100
48131950300
48131950400
48133950400
48133950500
48135000100
48135000300
48135001100
48135001800
48135001900
48135002802
48137950200
48139061500
48141000107
48141000108
48141000109
48141000110
48141000203
48141000500
48141000600
48141000700
48141000800
48141000900
48141001105
48141001111
48141001400
48141001600
48141003000
48141003401
48141003403
48141003702
48141003801
48141003803
48141003804
48141003901
48141003903
48141004002
48141004003
48141004004
48141004103
48141010102
48141010310
48141010311
48141010313
48141010401
48141010402
48141010403
48141010404
48143950600
48145990300
48145990400
48145990600
48145990700
48151950300
48155950100
48157674900
48157675200
48161980700
48161980900
48165950300
48167722500
48167722700
48167723000
48167723100
48167723200
48167723700
48167724600
48167725100
48167725800
48177990100
48177990300
48177990500
48179950800
48181000700
48183000800
48183001500
48183010700
48185180102
48187210100
48187210200
48187210300
48189950100
48189950200
48189950400
48189950500
48191950400
48197950100
48199030100
48201210600
48201210700
48201211400
48201211500
48201212100
48201220100
48201220200
48201220300
48201220700
48201220800
48201222200
48201222300
48201222400
48201222500
48201222600
48201222700
48201222800
48201222900
48201223100
48201230200
48201230300
48201230400
48201230900
48201231000
48201231900
48201232200
48201232300
48201232700
48201233600
48201233700
48201240200
48201240300
48201250600
48201253400
48201254000
48201254400
48201254500
48201254600
48201311100
48201312000
48201312200
48201312300
48201312400
48201312800
48201312900
48201320300
48201320500
48201321100
48201321200
48201322300
48201323100
48201323900
48201330400
48201330900
48201331100
48201331200
48201331300
48201331500
48201331600
48201332000
48201332600
48201333300
48201333400
48201333700
48201341100
48201342200
48201343400
48201432800
48201452400
48201452500
48201510200
48201510600
48201510900
48201511600
48201521200
48201521300
48201521600
48201522400
48201530600
48201530700
48201530800
48201531200
48201531800
48201531900
48201533000
48201533100
48201533200
48201533300
48201533400
48201533600
48201533700
48201534000
48201550500
48203020102
48209010200
48209010500
48213950200
48215020201
48215020202
48215020203
48215020501
48215020721
48215021000
48215021700
48215021801
48215021901
48215021902
48215022001
48215022002
48215022101
48215022300
48215022400
48215022501
48215022502
48215022600
48215022701
48215022702
48215022900
48215023700
48215023800
48215023901
48215024000
48215024102
48215024104
48215024105
48215024106
48215024301
48215024302
48215024402
48215024500
48219950100
48219950300
48219950400
48219950600
48221160100
48225950100
48225950400
48225950600
48227950300
48227950400
48227950700
48229950100
48229950200
48231960200
48231960500
48231960800
48231960900
48231961000
48237950200
48237950400
48241950100
48241950200
48245000900
48245001000
48245001100
48245001700
48245002200
48245002600
48245005300
48245005900
48245006100
48245006200
48245006600
48249950400
48249950500
48249950600
48249950700
48251130700
48251130800
48251130900
48255970300
48257051100
48259970100
48261950100
48263950100
48265960500
48265960600
48269950100
48271950100
48273020100
48273020300
48277000300
48277001000
48283950200
48285980300
48285980500
48285980600
48289950100
48291700600
48291701300
48291701400
48293970100
48293970400
48295950300
48299970100
48299970500
48303000100
48303000302
48303000500
48303000900
48303001000
48303001200
48303001300
48303001602
48303001706
48303001801
48303002204
48303002400
48303010402
48303010600
48305950400
48305950600
48307950500
48309000100
48309000200
48309000300
48309000700
48309000900
48309001000
48309001100
48309001200
48309001300
48309001500
48309001600
48309002100
48309002301
48311950100
48315950100
48323950100
48323950202
48325990500
48327950100
48329000100
48329001700
48331950400
48333950100
48335950200
48343950300
48347950700
48347950800
48347950900
48347951000
48347951100
48351950100
48351950200
48351950300
48353950300
48353950500
48355000100
48355000300
48355000400
48355000600
48355000700
48355001100
48355001200
48355001601
48355001802
48355002900
48363980500
48363980600
48365950100
48369950300
48371950500
48373210500
48375011900
48375012000
48375012200
48375012800
48375013000
48375014500
48375014800
48375015300
48381020500
48385950100
48387950100
48387950200
48389950200
48389950300
48389950400
48389950500
48391950100
48399950200
48399950500
48401950800
48401951100
48401951200
48403950300
48405950100
48405950300
48409010200
48409010800
48409011100
48409011300
48411950100
48415950600
48419950400
48419950600
48423000201
48423000300
48423000600
48423000900
48427950101
48427950202
48427950500
48427950600
48437950400
48439100602
48439100700
48439101000
48439101100
48439101201
48439101301
48439101302
48439101500
48439101600
48439101700
48439101800
48439103300
48439103400
48439103500
48439103602
48439103701
48439103800
48439103900
48439104505
48439104601
48439104602
48439104604
48439104605
48439104900
48439105001
48439105006
48439105201
48439105300
48439106002
48439106101
48439106102
48439106202
48439106300
48439106400
48439110101
48439110202
48439110401
48439110402
48439110701
48439110703
48439110704
48439111102
48439111536
48439113002
48439113514
48439113619
48439122300
48439122400
48439122700
48441010300
48441010500
48441011900
48441012100
48441012300
48441012400
48441012900
48443950100
48445950100
48447950300
48449950100
48449950600
48449950800
48451000200
48451000400
48451001200
48451001400
48453000401
48453000803
48453000804
48453000902
48453001000
48453001100
48453001304
48453001305
48453001503
48453001835
48453001852
48453002005
48453002107
48453002108
48453002110
48453002111
48453002307
48453002310
48453002311
48453002313
48453002314
48453002411
48453002412
48453002413
48453002416
48453002420
48453002424
48455950100
48457950300
48457950400
48463950100
48463950200
48463950300
48463950500
48465950100
48465950601
48465950700
48467950200
48469000202
48469000302
48469000602
48471790600
48471790700
48473680400
48475950100
48479001001
48479001400
48479001600
48479001801
48479001803
48479001804
48485010100
48485010400
48485010800
48485011100
48485011400
48485013000
48485013400
48485013700
48489950700
48491020701
48491021100
48491021300
48495950300
48499950100
48501950200
48503950200
48505950200
48507950100
48507950200
48507950302
49001100200
49005000401
49007000200
49007000400
49013940300
49013940400
49015976100
49017000100
49019000200
49021110300
49021110400
49025130100
49027974300
49031980100
49035100305
49035102700
49035111500
49035111600
49035112401
49035112402
49035113305
49035113307
49035113512
49035113802
49037942000
49037942100
49037978100
49037978200
49039972200
49047940200
49049000802
49049001401
49049001602
49049001603
49049001801
49049003101
49051940300
49053270100
49053270300
49053271100
49053271200
49055979100
49057200201
49057200300
49057200900
49057201100
49057201200
49057201300
49057201600
49057201900
50003971200
50007000600
50007002400
50009950200
50011010300
50019951400
50019951500
50019951600
50019951700
51003010902
51009010502
51009010504
51017980100
51021990100
51023040100
51025990100
51029990100
51029990200
51031020700
51033990200
51035990500
51037990100
51037990200
51037990300
51041100404
51041100406
51041100600
51045050100
51049990100
51053840300
51059421900
51063990100
51063990200
51067020600
51067020900
51077990200
51077990300
51083990100
51083990200
51083990800
51085320601
51085321202
51087200303
51087200404
51087200501
51087201101
51089010100
51089010200
51089010400
51091970100
51097950400
51117990600
51121020200
51135990200
51135990300
51143010400
51143010700
51143011000
51147990200
51147990300
51149850200
51153900901
51153901900
51161031100
51163990100
51163990200
51163990300
51163990400
51165011000
51169030400
51175200200
51175200500
51177020401
51177020402
51179010207
51181860100
51181860200
51183870100
51183870200
51185990500
51187020400
51187020500
51191010500
51515050100
51520020200
51520020300
51520020400
51550020700
51550020903
51570830400
51580060100
51580060200
51590000400
51590000900
51590001000
51590001100
51590001200
51590001300
51620090200
51630000300
51630000400
51630000500
51640990100
51650010400
51650010502
51650010601
51650010602
51650011000
51650011100
51650011800
51650011900
51650012000
51660000100
51670820100
51670820600
51678990500
51680000202
51680000400
51680000500
51680000600
51680000802
51680000900
51680001100
51680001200
51685920100
51690000200
51690000400
51700030300
51700031300
51700031601
51700032004
51700032113
51700032123
51700032221
51700032222
51700032300
51710000600
51710000800
51710000900
51710001600
51710001700
51710002500
51710002600
51710003300
51710004600
51710005100
51710005200
51710006100
51710006400
51710006501
51710006502
51730810100
51730810300
51730810400
51730810500
51730810600
51730810700
51730810900
51740210200
51740212800
51750010100
51760010300
51760010700
51760020200
51760021200
51760060300
51760060500
51760070700
51760070801
51760070802
51760070900
51760071001
51760071002
51770000100
51770000200
51770000500
51770000600
51770000700
51770000900
51770001000
51770001100
51770001300
51770001400
51770001500
51770001900
51770002300
51775010100
51775010300
51800065100
51800065300
51800065500
51810040000
51810040200
51810040403
51810040600
51810043200
51810045000
51810045200
51810045408
51810045415
51810046205
51830370200
53001950200
53003980600
53005010901
53005011700
53007961100
53009980200
53009980300
53009980400
53009980800
53011041002
53011041312
53011042300
53011042400
53011042600
53015000502
53017950100
53017950700
53019980100
53019980300
53021020800
53023970100
53023970200
53025980100
53025980700
53025980900
53025981100
53025981300
53025981400
53027000100
53027000200
53027000300
53029970100
53029970200
53029970400
53029970900
53031950100
53031950602
53033010700
53033011200
53033011300
53033025300
53033025400
53033025701
53033026002
53033026300
53033027300
53033027600
53033027900
53033028403
53033028802
53033028902
53033029004
53033030503
53033030902
53035081000
53035092200
53037975401
53039950100
53039950200
53039950300
53041970300
53041971200
53041971700
53041971800
53041972000
53043960200
53043960300
53043960400
53045960200
53045960600
53047970300
53047971000
53049950600
53051970200
53053062100
53053062200
53053062300
53053062801
53053063501
53053070500
53053071601
53053071706
53053071806
53053072000
53053072901
53057950700
53057951100
53057951400
53061040200
53061040500
53061041903
53061041905
53061042006
53061052205
53061052901
53061053504
53061053700
53063000200
53063002300
53063010201
53063010301
53063010401
53063011201
53063011700
53063011800
53063011900
53063012200
53063012300
53063013800
53065950100
53065950900
53065951000
53065951100
53065951300
53067011300
53071920300
53071920400
53073010100
53075000500
53075000700
53075000900
53077000300
53077001400
53077001900
53077002002
53077002300
53077002600
53077002702
54001965600
54003971100
54003971300
54003971600
54007967900
54011000500
54013962700
54015957900
54019020200
54021967700
54023969400
54025950200
54033030300
54033031000
54039000100
54039000200
54039001100
54039001200
54039010300
54049020200
54049020800
54051020500
54051020600
54053954900
54055950900
54055951300
54059957100
54061010600
54061010700
54061010901
54069000800
54069002400
54077964200
54077964500
54081010200
54081011002
54081011400
54083966500
54087963100
54097966800
54103030500
55001950200
55001950500
55003950100
55003950500
55003950600
55003950700
55007960200
55007960400
55009000700
55009000800
55009000900
55009001000
55009001100
55009001200
55009001700
55013970400
55013970600
55019950600
55019950800
55023980100
55025000600
55025001401
55025001402
55025001501
55025003200
55025011505
55035000600
55037990200
55041950100
55043960400
55043960900
55049950200
55053960300
55057990100
55057990301
55059000300
55059000900
55063000900
55067960100
55067960500
55067960600
55067960700
55071000700
55073000700
55075960200
55075960700
55078970100
55079000100
55079000201
55079000302
55079000900
55079002300
55079004400
55079012300
55079013000
55079013300
55079013400
55079013500
55079013600
55079013700
55079014600
55079014700
55079014800
55079014900
55079021400
55079100100
55079180200
55081950800
55083990500
55083990600
55085970100
55087010100
55093960100
55093960800
55097960400
55099970600
55099970700
55101000200
55101000300
55101000500
55101001003
55101001201
55101002200
55103970100
55105000300
55105001600
55105001700
55105002000
55107960100
55107960400
55107960500
55113980400
55113980700
55113980800
55115980700
55119980300
55123960200
55123960400
55123960500
55125950200
55127000500
55129950300
55129950500
55133202700
55139000100
55139000500
55139000700
55139001100
55139001200
55139002900
56001962900
56001963600
56013940100
56013940200
56015958000
56021000200
56021001100
56025000200
56027957200
