Jordanalmonds
loquat	09174
dish	21281	21278	21291	21290	18945	18947	21140	21495
barbecue	05312	05313	06307	06150	27055	27057	27056	27058	43112	22972	05320	07001
appetite
guava	18959	09143	09140	09435	14613	03160	09139	09325
chili	11819	06398	22911	36037	21119	36019	21134	02076	06972	11329	21073	21072	16510	16059	11820	06437	43112	22969	06426	11980	06454	06026	22904	02009	06961	06962	16597	21084	11670	21068	21067	21065	21062	21042
preserves
grape	09444	14142	09512	44074	09129	11975	11974	19873	09101	09100	09432	09431	14282	09099	09098	09097	09096	09132	09133	09130	09131	09134	09135	14277	09443	03265	14030	28176
caramelapple
curds
dressing	42158	42153	42157	43331	42171	04367	04133	04135	42193	42192	04114	43598	04706	04704	04705	04703	43215	43020	43021	04686	04689	04688	21053	21052	21057	21056	21055	21054	04641	04640	04025	04029	04028	01058	43329	42140	04144	04145	04146	04141	04142	04143	04120	04023	04022	04021	04020	21347	21349	04539	21346	43017	43016	43015	43019	42230	04018	04013	04011	04016	04017	04014	04015	04639	04027	04026	42116	04636	04635	04638	42137
melon	09185	09184	09183	09181	11594	11593	09451	35132	11895
icing	04664	28293	28291	28297	28294	18635
ladle
sage	18603	02038
brownie	08667	18632	18614	28298	18152	18151	18154	18196	28117	21027
fat
spoon
lunchmeat
cook	08574	08575	08577	08576	08573	08578
minerals
nectar	09229	09262	09403	09407	09436	09437	09435	09434	09036	09251	09408
asparagus
dip	27053	27054	27052
vanilla	16251	16250	01278	01275	16239	16236	08543	16219	28094	28289	19260	21333	19201	19203	19202	19207	19206	02050	02052	19867	19223	19222	02051	28038	42074	14347	18609	01111	01119	28228	16139	16228	16225	18401	28262	08633	18210	18213	18212	19244	19883	19882	19881	19887	19884	08705	01220	01221	16261	19710	28182	16245	01241	01242	18141	18328	08591	19212	19214	21141	19230	19233	19876	19371	28215	28210	16120	19089	19088	03224	03225	28231	28232	28233	19293	03246	03245	19103	19104	28270	28273	19878	19877	19875	01184	18204	19090	08562	14016	28152	21028	01231	19095	19096	19898	28193
fritter
summersquash
chew	19156	19309	19068	19315	19313
pork	35237	07038	07967	07966	10884	10885	10886	10887	10880	10881	10882	10883	10888	10889	32013	10185	10184	10187	10186	10181	10180	10183	10182	10189	10188	06124	16009	42173	07905	07965	42190	43378	06404	43297	10916	10917	10914	10915	10912	10913	10910	22953	10109	10105	10104	10107	10106	10101	10100	10103	10102	10938	10939	10934	10935	10936	10937	10931	10932	10933	10129	10128	10123	10122	10121	10120	07901	07900	07091	07090	07276	10958	10959	10952	10953	10950	10951	10956	10957	10954	10955	19408	10141	10140	10142	10146	10149	07078	07075	07074	07077	07076	07071	10974	10975	10976	10977	10979	10088	10089	10086	10087	10080	10081	10082	10083	10169	10168	10167	10166	10165	10164	10163	07059	07058	07051	07050	07057	07056	07236	07235	07940	10084	10085	10992	10993	10990	10991	10206	10207	10204	10205	10202	10203	10200	10201	10208	10209	07034	07037	07036	07960	10228	10229	10224	10225	10226	10227	10220	10221	10222	10223	36622	07019	07016	07015	07014	07013	07010	07909	07908	07907	07906	10028	10029	10026	10027	10024	10025	10022	10023	10020	10021	07277	10879	10878	10871	10870	10873	10872	10875	10874	10877	10876	07926	07924	07922	07920	07928	42241	10004	10005	10006	10007	10000	10001	10002	10003	10008	10009	10856	10855	10854	10853	10852	10859	10858	10136	10062	10063	10060	10061	10066	10067	10064	10065	10068	10069	07089	16065	10048	10049	10040	10041	10042	10043	10044	10045	10046	10047	10899	10898	10893	10892	10891	10890	10895	10894	42129	06321	43325	43327	43326	16011	16010	07931	07936	07937	10196	10197	10194	10195	10192	10193	10198	10199	10919	07073	07072	16201	10911	10078	42188	10972	10973	10978	10907	10901	10903	10902	10909	10908	19041	10918	10923	10922	10921	10920	10927	10926	10925	10924	10929	10928	22948	07064	07065	07062	07063	07060	07061	10118	10119	10116	10117	10114	10115	10112	10113	10110	10111	07227	07247	07240	07248	10949	10948	10940	10943	10942	10945	10944	10947	10946	10134	10137	10131	10132	10138	07083	10963	10962	10961	10960	10093	10094	10099	10098	18637	10152	10153	10150	10158	07069	07200	07205	06004	10989	10988	10985	10984	10987	10986	10981	10980	10983	10982	10215	10214	10217	10216	10211	10210	10213	10212	10219	10218	07941	22972	07231	10178	10179	10170	10171	10173	10174	10175	10176	10177	07045	07040	07041	07223	07952	07225	07951	10097	07959	10096	07023	07021	10039	10038	10035	10034	10037	10036	10031	10030	10033	10032	03007	10804	10805	10802	10803	10072	07008	07001	07002	07003	07004	07006	10905	10904	10906	10900	07918	07913	07916	07917	10019	10018	10013	10012	10011	10010	10017	10016	10015	10014	07957	07953	10868	10869	10862	10863	10860	10861	10866	10867	10864	10865	36412	36410	07939	10071	10070	10073	10075	10074	10077	10076	10079	10059	10058	10057	10056	10055	10054	10053	10052	10051	10050
tea	35238	14476	14649	35078	14545	14544	14368	14367	14366	14475	14381	14548	14137	14370	14371	14376	14375	14352	14353	14355	14357	14356	18150	14071	14070	14601	14072	28199
almond	12206	08543	19248	08627	04529	08668	08645	19115	12695	19327	19132	19130	28106	19302	42227	12665	28126	25038	42240	25010	08703	08707	19403	08692	12062	12063	12065	43046	19065	12071	19236	08696	18610	19439	19084	08675	14054	12061	08202	08560	19858	14016	28158	08544	12563	12565	12567	12195	18247	19016	19897
bacon	06596	43331	21461	21360	07973	43378	07254	21378	21376	21377	10123	43212	10998	10994	21132	16542	07921	03059	06117	04609	16200	06731	10857	21462	21327	21307	06380	06383	10130	10131	03201	08096	21012	16104	16598	18995	10862	10860	10861	10864	06738	21021	21097	21003	21007
millet	20647	20032	20031	43483
chef
dried	35232	25063	12014	12013	09044	12036	02042	02041	12201	01258	12059	09260	09261	09264	09085	35079	12078	12077	11268	09248	09246	09247	01173	19445	11432	09165	09163	12094	44055	09147	12147	12145	12149	01133	01136	01137	01134	01135	12177	35175	35171	02036	12128	01113	01115	11978	11237	02017	02012	12100	12109	12108	35134	01094	43497	11667	11663	12084	09293	09292	09291	35055	09011	09013	09012	09033	09032	09034	35194	12006	12005	09079	12021	12023	09095	09094	09259	35009	13350	19046	19045	11988	11982	09173	12174	12175	12179	35180	11230	02027	02023	02029	12154	35164	35165	35160	35161	19410	19412	02003	02008	12130	02066	12110	12114	15018	12099	12193	35183	35184
bake	22997	22950	22986	22944	22945	22946	22947	22943	22948	22949	18637
spaghetti	06143	22401	20124	20125	20123	11870	22930	20421	20420	22912	36038	36032	06931	06976	11492	11493	20622	20521	20523	03051	03050	20321	36048	36046	36047	36632	36631	36630	20126	20127	20120	20121	20122
Swisschard
sauerkraut	11439	43350
tarragon	02041
favabans
crust	21282	21283	21280	21281	21286	21287	21284	21498	21497	21496	18332	18333	18336	21285	21288	21289	21484	21482	21483	21296	18943	18942	18948	18446	21273	21272	21271	21277	21276	21275	21274	21279	21278	18401	18402	21512	21511	21485	21480	28266	21224	21291	21290	21293	21292	21295	21294	21297	21299	21298	18945	18947	18946	21479	21478	21473	21475	21474	21477	21476	21303	21302	21301	21300	21493	21492	21491	21495	21494	22903	43595	18334	18335	21505	28111	28112	18399	21304	21225	21226	21227
iceberglettuce
fillet	36033	05625	43134	21102	36029	21244	05624	05623	21047
milk	01026	01027	01028	03690	03693	03694	03696	14182	19249	01060	11934	11930	06359	06358	14177	19209	19208	19203	19205	19204	19207	01174	01175	14169	19199	19191	19190	19195	19223	19221	01154	01155	01151	01152	01153	03965	14557	11380	11381	11382	11383	11385	11387	19157	19152	01110	01111	01116	01118	14245	07077	07076	21412	19170	14083	01095	01094	01097	01096	01091	01090	01093	01092	18396	06201	07037	18024	19323	19321	19325	19134	19132	14043	01079	01078	18023	06249	06248	06243	06246	04028	03704	18278	18273	01224	01222	01223	01221	14421	01037	01036	14634	08510	01202	01059	03689	03682	03681	03686	03685	19252	01077	01076	01071	19024	19026	01244	19256	19254	43369	42189	42185	14318	14316	14310	14311	14312	19279	22960	19219	19212	19213	19214	03956	14351	19189	19185	19231	19232	19236	12176	42290	01107	01106	01105	01104	01103	01102	01109	01108	18282	11379	11378	11371	19141	19146	12117	12118	11657	01086	01087	01084	01085	01082	01083	01080	01081	01088	01089	06216	06210	06211	14054	19319	11929	03711	14558	19120	19121	19122	19123	19126	19127	06230	14036	01187	01184	06253	06256	14016	18223	25020	19331	18071	18073	43543	01235	01231	01230	25009	03712	19093	19896	42131	42139	18269	01212	01211	01214
chickpeas
foodstuffs
scallops
pattypansquash
Goudacheese
crunch	08059	08681	08353	08629	08625	19154	08667	08085	01264	08272	08646	08645	08579	25031	08550	08554	08704	08309	08634	08346	08347	08012	08011	08380	42297	08637	08611	19145	36001	08670	08679	08544	08010	25005
sodabread
stringbean
hash	31028	31022	31021	21319	36039	36030	21144	11393	11392	11391	11390	22908	11370	21387	21026
mussels
punch	14268	14269	14264	14267	14405	14406	03267	14065
water
pumpernickel	43441	18044	18045	18221
pate	05282	07053	07055	07054	07942
pancake	18295	18294	18297	18291	18290	18293	18292	18299	19360	18390	19113	18300	18499	28006	28005	28004	28003	18288	18289	18936	28259	11672	19128	19129	28305	19720
frosting	18096	18095	18358	18357	04586	19227	19226	19228	18105	18101	18102	18127	19409	18146	19244	19247	19246	19241	19240	18141	18140	28291	19230	28296	18139	19375	19371	19372
mozzarella	01026	01027	01028	01271	01029	43597	42304	01161	22963	22961	36012	36004	36008	36611	28246
dry	03194	03193	03190	06101	19706	19702	19703	14536	32011	08314	08316	18642	12037	18092	18097	15116	15111	15113	12585	06124	06126	06127	06120	06122	06123	06128	18566	15133	08680	08689	08130	08132	20109	20107	20105	20101	08116	18332	18333	19209	19208	19203	19202	19205	19204	19207	19206	20124	08580	22959	19860	08172	08177	19199	19198	19191	19190	19195	19194	19223	19222	19221	19220	01154	01155	19704	18107	19705	18108	19709	06076	06075	19708	20420	08159	12143	08450	08451	18295	18297	18291	18290	18292	18299	15067	15061	15063	15069	18603	20409	03211	03212	11380	11382	11384	11385	11386	11387	08444	42055	12122	15209	07077	07076	07071	18144	15040	15047	15247	18447	06959	06958	06489	06483	06481	06480	06957	43216	19173	19172	19171	19170	19177	19176	19175	15118	08410	08411	08417	18161	15029	15026	20446	01091	01090	01093	01092	02073	02076	02074	02075	07037	18180	08436	18022	15009	19322	19323	19320	19321	19324	19325	16111	08452	12536	12537	08231	20622	12085	08576	08573	18023	15216	15217	15214	15215	15212	15213	15210	15211	15218	12652	18376	18375	06528	20012	15187	15188	15189	15239	15235	15237	15232	15233	12632	12635	06720	19244	06094	19247	19246	19241	19240	01014	08702	08703	08704	15086	01227	14631	03185	03184	03186	03181	03189	19710	06118	06115	01204	06583	44258	44259	20099	20091	35040	15105	15102	15100	18084	18085	18087	18081	18082	18088	32018	18632	15219	31019	18142	07072	27035	20114	20116	20111	08128	08124	08122	08692	08693	12063	20133	22960	18300	20301	08104	08106	08100	08102	19219	19212	19213	19214	08160	19188	19189	19187	19184	19185	19231	19232	08690	08691	08120	08449	18117	18114	18112	43078	18610	18615	18614	08142	08144	44061	12152	18284	18280	18289	18135	18131	15071	19371	19372	03996	18453	18637	03205	11378	12132	12135	08402	20068	18152	15058	15056	15052	43529	08096	08094	08092	08090	19165	07941	06494	06498	20046	20048	15032	15037	15034	19166	18339	19169	43544	18419	18412	06960	06969	42285	20028	08221	08225	08228	18196	15016	18275	19310	19319	19318	19121	19122	19123	15205	15204	15207	15206	15201	15200	15203	15202	15208	06982	06983	06981	18420	20009	08200	20126	20120	20122	20499	08562	08561	08568	08569	18011	18010	15195	15194	15197	15196	15191	15190	15193	15192	15199	15198	15223	15222	15221	15220	15225	15224	12643	19859	32021	08489	08488	06081	06080	19331	19330	19333	19332	18079	18071	15241	12563	15244	15246	44260	15262	43401	15098	15092	01212
vinegar	02048	04135	02053	02069	02068
spork
lychee
strudel	18354	28163	28008
lasagna	32010	32017	32019	22977	22956	22916	22915	22910	36041	36042	16594	03043
cinnamon	08681	08688	08353	18358	18356	18357	18104	18107	18108	28011	08602	08661	08666	02010	08272	08649	08642	28263	28105	28101	08579	08210	08215	08494	08539	08702	28167	28183	18964	08128	08129	08694	08124	08595	08590	21388	08665	18494	08696	28007	18479	18478	08639	08616	08611	18635	08263	08678	18431	18430	18173	18417	18997	08561	08568	18246	18247	18244
buckwheat	19052	18295	20011	19817	20009	20008	20010
popcorn	19035	19038	19039	19036	21422	19807	19806	43572	04648	25014	19040	19436	19034	25026	42259	25000	25001
spices
guacamole	21088
kebab
soybeans
radish	43142	11432	11430	11431	11850	11429	11637	11676
sherbet	19097
primerib
lime	16258	09161	09160	06601	19280	27029	09159
fed
crab	15139	15138	15137	15136	06034	15142	15143	15140	15141	15144	15227	15226	21046
blueberry	16257	18938	18939	18566	08689	35017	09163	18294	28018	08603	43537	19327	44158	09352	09353	35155	25018	08538	18278	18277	18274	28164	09050	09053	09052	09055	09054	18940	18362	18306	18305	18978	28009	28003	18507	18477	18476	03165	03164	08617	08673	18386	18999	18275	08487	08192
sushi
tangerine	09223	09220	09219	09218	09221	09383
flax	28041	08656	08560	04673
chocolate	19393	25060	19701	25045	16231	16237	18097	18096	18095	14422	14423	18951	14181	14182	18378	19249	28289	19265	19268	19010	16240	18522	28055	28056	28057	28052	28053	28058	19077	19078	16166	18312	08177	19190	19440	19226	19221	19220	18105	18101	42074	28013	18127	18482	19917	19916	18608	28206	19409	19157	19404	19152	01110	21412	18943	08669	19822	14080	14083	18167	18166	18165	18164	18163	18161	18160	18168	19348	19110	19328	19326	19327	28261	28260	19139	19134	19132	14043	28104	28102	28103	42227	28125	28126	21030	18251	18310	19241	19240	25018	25010	25017	19083	19081	19080	19886	19884	08707	01222	28165	16227	08513	08512	19405	01202	28184	44258	44259	42148	01263	19252	19301	19902	19903	19904	19905	08631	28087	19024	19027	19026	01240	01243	14197	14195	18140	19256	19254	19255	19258	28061	28060	28062	42186	42187	42185	42183	19143	14318	14315	14316	14317	28293	19279	19270	08594	08593	28040	28047	19062	19213	28130	28027	28028	19188	19189	19182	19183	19184	19185	19235	19236	28221	28220	28004	28000	18112	43078	18612	44061	28078	28076	28296	28297	28294	28299	01105	01104	01103	01102	43031	19372	19379	43506	19017	18630	28217	43260	19149	19140	19141	18158	18159	18157	19087	08672	43205	19164	19146	19345	08658	08652	19292	19100	19101	19105	14054	18993	18198	18199	28114	28111	28113	16168	28279	28272	28277	19120	19123	19124	19126	19127	19878	19879	01187	18422	18640	19114	25020	25021	43541	01235	01237	01236	25004	25006	25009	42272	44260	19093	14063	19894	19895	19896	19897	19893	19899	42131	42139	28195
pecan	12143	12142	12144	08602	08646	28128	28129	28125	28127	08554	42265	42261	19880	08702	28028	28221	18325	18324	28226	08655	18193	12644	12643	28159
olive	04708	36054	36058	07051	28149	09193	09194	09195	44005	36047	36042	07223	36631	04053
flan	19187	19231	19232	19094
casserole
diner
edible	43282	43283
salad	42153	43331	42171	04367	04133	04135	42193	42192	04114	22971	04704	04705	04703	21378	21379	21376	21377	11414	04502	43215	09106	09105	09104	43020	43021	21270	07031	04044	04042	04543	04686	04685	04689	04688	21053	21052	21057	21056	21055	21054	04643	04641	04640	04644	04025	04029	04028	43329	42140	04510	04144	04145	04146	04141	04142	04143	04120	15128	04023	04022	04021	04020	21140	04539	04034	04518	04511	09103	09102	07067	43017	43016	43015	43019	21083	21084	04053	04058	09325	42230	04018	04013	04011	04016	04017	04014	04015	04639	04027	04026	04636	04635	04638	42137
icedtea
soup	06590	06592	06595	06594	06596	06334	06337	06336	06333	06338	06101	06339	06312	06311	06316	06315	06314	06128	27008	27009	27007	27002	27000	27001	06373	06375	06374	06377	06393	06391	06146	06147	06145	06149	28282	27021	27022	27023	35073	06355	06354	06353	06351	06429	06428	06359	06358	27042	27043	27044	27045	06403	06402	06401	06400	06406	06405	06404	06409	06408	27060	06468	06399	06398	06461	06392	06463	06462	06465	06396	06395	06466	06472	06471	06476	06076	06075	06072	06070	06071	06447	06446	06444	06443	06442	06441	06440	06058	06054	06055	06056	06050	06051	06052	06053	06038	06039	06032	06030	06037	06034	06035	06489	06483	06482	06481	06480	06487	06956	06448	06010	06011	06012	06013	06014	06015	06016	06017	06018	06019	06548	06549	06974	06970	06978	06201	06209	06208	06991	06990	06992	06195	06194	06190	06193	06192	06502	06503	06504	06505	03070	06249	06248	06241	06243	06242	06246	06740	06742	06749	06528	06726	06725	06728	06729	06094	06117	06449	06583	06580	06586	06587	06584	06585	06588	06589	27019	27015	27014	27017	27013	06731	06309	06159	06158	27032	27035	27034	06363	06361	06366	06177	06174	06172	06170	06470	06340	06437	06434	06343	06432	06433	06430	06349	06438	06439	06426	35024	06423	06350	06418	06419	06414	06415	06416	06417	06410	06411	06412	06413	06064	06067	06061	06063	06062	06068	06384	06387	06380	06383	06388	06389	06475	06955	06043	06042	06041	06040	06047	06046	06045	06044	06049	06048	06451	06453	06454	06456	06457	06459	06028	06023	06022	06025	06024	06027	06026	06341	06342	06617	06007	06006	06004	06003	06002	06001	06559	06558	06009	06008	06494	06497	06498	06546	06547	06543	06541	06964	06965	06966	06967	06968	06969	06216	06217	06214	06215	06212	06213	06210	06211	06218	06219	06544	06988	06989	06986	06987	06984	06982	06983	06980	06981	06182	06183	06180	06230	18426	06252	06253	06251	06256	36413	36414	18228	06730	06733	06734	06736	06739	06738	06084	06082	06081	06080	18425
sour	22958	14530	14531	42158	42157	09063	09064	09065	09066	09067	09068	27001	01178	01179	21315	19369	21135	36621	36622	14027	14024	14025	14028	14029	01193	01194	06285	28188	01055	01056	01058	11946	01074	22995	27050	11941	43019	16595	19315	01180	09362	42116
oleo
crackers
pickle	11958	07058	11937	11945	11946	11944	11983	07224	11948	11947	11940	11941	04030
biscuit	08505	21361	21360	21362	16603	03216	21415	18629	18009	21419	21142	18615	08147	03997	18634	18633	18150	16598	18996	18995	18013	18012	18011	18010	18017	18016	18015	18014	21008	21009	21002	21003	21004	21005	21006	21007
hamburger	18350	18351	18352	11958	21112	21113	21110	21111	21114	21115	21250	21239	21107	21109	21108	21389	21242	21240	21241	21390	21393	21202	18641	21228
junkfood
honey	08054	03193	03693	03696	08071	12206	08057	08684	21316	04706	04703	07258	28019	07215	08662	08085	08081	08645	08643	08633	04686	43570	08218	08211	42240	08491	18255	03704	28302	07088	08309	08614	08613	08476	18964	18974	08598	08665	08389	08387	28070	08615	08610	07209	08670	08676	08674	08675	18436	19296	08243	18173	08651	08654	08655	28274	08560	08561	08481	07938	28157	08549	25008	08045
cornflakes
durian	09422
lamb	17258	17259	17250	17251	17252	17253	17254	17255	17256	17257	17359	17358	17355	17354	17357	17356	17353	17379	17378	17373	17372	17371	17370	17377	17376	17375	17374	11794	17081	17080	17083	17082	17085	17084	17087	17086	17322	17323	17418	17419	03066	17311	17310	17313	17312	17315	17314	17317	17316	17319	17318	17283	17282	17281	17280	17287	17286	17285	17284	17289	17288	17185	17186	17187	03011	03010	17229	17228	17225	17224	17227	17226	17221	17220	17237	17231	17056	17054	17055	17052	17053	17050	17051	17058	17059	17057	17209	17201	17200	17206	17205	17328	17329	17078	17079	17074	17075	17076	17077	17070	17071	17072	17073	17261	17260	17263	17262	17265	17264	17018	17019	17012	17013	17010	17011	17016	17017	17014	17015	17249	17248	17247	17246	17245	17244	17243	17241	17240	17388	17389	17382	17383	17380	17381	17386	17387	17384	17385	17030	17031	17032	17033	17034	17035	17036	17037	17038	17039	17066	17407	17406	17043	17409	17408	17405	17404	17401	17400	17403	17402	17215	17364	17365	17366	17367	17360	17361	17362	17363	17368	17369	17414	17413	17302	17303	17301	17307	17308	17309	17320	17321	17324	17325	17326	17327	17416	17417	17415	17412	17410	17411	17290	17423	17422	17421	17420	17298	17299	17294	17295	17296	17297	17291	17292	17293	17199	17196	17195	17192	17191	17045	17044	17047	17046	17041	17040	17042	17049	17048	17300	17306	17304	17305	17238	17239	17236	17234	17235	17232	17233	17230	03067	17063	17062	17061	17060	17067	17065	17064	17069	17068	17242	17214	17210	17211	17009	17008	17001	17003	17002	17005	17004	17007	17006	17399	17398	17391	17390	17393	17392	17395	17394	17397	17396	17027	17026	17025	17024	17023	17022	17021	17020	17029	17028
suet	13335
rhubarb	09310	09309	09307	35063
ribs
rye	18216	18346	18061	20065	20064	20063	20062	19416	18225	18226	18227	18221	18053	18060
freezer
dandeliongreens
hot	27001	11819	06168	21336	21313	06398	21510	11329	07929	21033	08183	31013	11944	11820	14197	14195	31017	22961	07246	07245	08144	08145	01105	11962	21335	22535	22537	06961	06962	16593	11670	07915	08562	08561	28243	08489	08488	28178
entree	22958	22247	22997	22992	22991	22990	22976	22970	22401	22402	16605	16600	22916	22915	22911	22528	22529	22522	36401	22995	22980	22981	22982	22983	22984	22985	22989	22904	22905	22906	16597	21046	21047
cupboard
kohlrabi	11241	11242	11793
chow	36624	36623	20113
gelatin	19702	19703	19704	06489	19173	19172	19177	19176	19175
maplesyrup
rations
spicy	22993	21314	06398	21418	31013	31017	16204	22123	16593	28243
taco	21486	21487	06600	06604	05354	18448	02073	02075	21270	18360	36060	36061	18616	21082	21083	21084	21268	21269	21264	21265	21266	21267	21260	21261	21262	21263
greentea
tomato	11540	11546	11547	11548	11549	06592	43331	06379	06377	21461	27023	06351	06359	06358	22976	27048	22402	06461	06463	22930	22914	22912	11955	11956	06956	43217	11649	06972	16585	22522	11660	06995	06991	21210	21213	21214	06503	06504	14187	31007	31006	31001	31002	43432	11533	11531	11530	11537	11886	11885	11884	15089	11551	11553	11555	11557	11559	06588	03051	03050	03046	16011	27019	06159	06158	21462	43365	06061	06063	21490	14114	11887	11888	22900	06559	06558	21126	21125	21124	06498	06964	21080	06213	06239	06233	11696	11695	11693	16554	32022	32021	03044	03045	11527	11529
stirfry
crepe
poached	01131
mango	14620	22979	14086	09436	14614	22980	09176	03140	09507
chopsticks
halibut	35188	35149	15038	15036	15037	15196
watermelon	12174	09326
order
turmeric	02043
popsicle	19873	19856
spatula
dough	18188	18358	18357	18338	18629	18164	18163	18187	18183	18182	28165	18635	18634	18633	18631	18630	18206	18205	18013	18012	18017	18015	18014
artichoke	11007	11009	11008	11702	11703	22994	11010
oven	11840	07259	07256	07251	07250	07079	07210	11296	11403	11409	07260	05320
digest
maincourse
comestibles
avocado	04581	09037	09039	09038
relish	09082	11958	11945	11944
bakedAlaska
fig	09089	09095	09094	09091	09090	09093	09092	18170
orange	09220	14341	09205	09206	09200	09201	09202	09203	09209	14436	03211	09211	09210	09216	03178	03172	03173	03174	03175	03176	03177	19873	36629	19303	09207	14323	14450	15232	14615	14426	14427	09219	09218	09213	09215	09214	09452	43346	09506	14150	09383	14327	15073	03226	03711	11695	28170	42270	19097	14064
Frenchfries
sauce	11549	06599	32015	21400	06142	06143	09081	06168	06169	06164	06165	06166	06167	22977	22976	27046	27047	27048	27049	22401	22402	16424	16425	21314	21315	21316	21310	21311	21313	22959	22930	22937	22939	36053	36055	36054	09143	21350	22916	22915	22914	22912	06600	06603	06602	06604	06932	06931	06930	43217	01188	21131	21132	21133	21134	11649	06976	06972	06971	22522	06995	06994	06223	06222	06221	06220	06226	06225	06224	06229	06228	06240	04668	06264	43432	06720	06285	15089	11551	11553	11555	11557	11559	06112	32004	32005	03046	16011	16010	06307	06151	06150	06152	27033	06179	06176	06175	22980	22981	27051	27050	27055	27057	27056	27059	27058	01164	22944	21343	22929	36048	36046	36047	11393	11392	21105	21106	22900	06618	16125	16124	16123	21382	22972	06960	06961	06962	36632	36631	36630	21393	06189	06239	06234	06235	06236	06237	06231	06232	06233	32022
coffee	14237	14236	19268	16249	14224	14209	14202	14203	14201	14204	14222	14223	04661	14421	01050	19279	14219	14218	14210	14215	14214	14534	14414	43401	14415
citrus
flour	05036	05031	20084	20083	12033	12032	05003	05093	18970	20315	20129	08580	20082	20081	20080	11413	07076	05102	20649	20648	20645	20647	20646	20641	20640	18443	20070	19804	16115	16116	16117	16118	05086	20629	20628	20624	20623	18958	20481	16099	16157	20011	20017	20018	20019	05068	05050	05008	12008	12007	18945	18947	18364	12041	16415	16417	16416	20581	12060	20132	20131	20130	18301	16418	12170	20324	18616	19814	18450	18930	18931	20065	20064	20061	20063	21120	20650	20381	20090	16100	20317	20316	19812	19813	20024	20003	20016	20630	20634	20635	20636	19857	05059	16055	05077	20086	05017
wasabi	11990
ketchup
bread	35234	20083	18953	18954	18955	04546	18971	18972	08687	28285	28287	28286	28288	20129	18963	08417	18027	18024	18025	18022	18029	21210	21213	21214	18023	18028	18376	18064	18021	18040	18041	18042	18043	18044	18045	18047	18048	18049	18084	18085	18080	18081	18082	18967	35240	35187	18068	11948	11940	18061	35140	21126	21125	21124	18432	18385	18384	18383	18416	18413	18412	18035	18037	18036	18030	18033	18032	18039	18038	28306	28307	18019	36416	36415	18079	18078	18071	18070	18073	18075	18077	18076	18057	18055	18053	18051	18050	18059	18069	18414	18060	18066	18065
bloodorange
thyme	02042	02049
roast	23653	13285	23264	23265	23262	23263	23260	23261	13985	23380	23240	23200	23201	23202	23357	13928	13925	13922	23637	17334	17333	22950	23514	13488	13487	13486	06441	35178	35177	23635	23189	23631	23633	13940	13973	23619	23618	10087	10083	23288	23289	23287	10990	10203	23652	23651	23650	13402	13405	13408	23598	10224	10225	13791	23350	23358	23359	21210	23103	23102	23101	13426	13425	13424	13423	13422	13421	13420	10028	23590	23591	23594	23597	23378	23379	23375	23376	23377	23133	23290	23131	23318	23319	23312	23313	23310	23311	23316	23317	23314	23315	16528	23147	23146	10065	10069	23161	23160	23552	23082	23083	23081	23330	23331	23332	23336	23337	23338	13958	13955	13954	13818	13819	13816	13817	13814	13815	13812	13813	13810	13811	10048	10043	10044	10047	23620	23193	23531	23275	23277	23276	23513	23515	13293	13294	23253	23252	23251	23250	23255	23254	23259	10194	10198	10199	13647	13649	13648	17346	17347	13878	13879	13870	13873	13876	23239	17155	23612	23616	23614	23295	23294	23292	23000	13877	23213	13937	05296	05295	13919	06387	13378	13377	13375	13373	13972	13974	13399	13957	13956	23198	23199	23194	23190	23191	23192	10963	10962	23604	23602	23603	10989	10983	10982	21125	10214	10217	10210	10213	07043	13884	13886	13881	13880	13882	13888	23345	23347	23346	23349	23348	23648	23649	23132	23646	23647	13411	13416	13417	13414	13415	13418	13419	10039	10035	10031	10032	13786	13788	23362	23361	23360	23367	23366	23368	07912	23114	23115	23111	23112	23113	23104	23309	23308	23303	23302	23305	23304	23307	23099	23327	23323	23322	23321	23320	23329	23328	17000	23159	23150	23151	23152	23153	23154	23155	13809	10059	10056	10055	10052	10051	13384	13382	13383	13380	13381	23528	23291	13823	13822	13820	13821
torte
rosemary	02036	02063
glasses
popovers
waffle	18951	18935	28018	28019	28010	28011	28012	28013	28014	28015	28016	18980	18403	28260	08305	18365	18367	28021	28022	28025	28024	28026	18978	28009	18505	18507	18506	18934	18932	18933	28304	28155	28156	28174
mincemeat
turnip	11568	11569	11564	11565	11567	43387	35201	35200	11577	11576	11575	11574	11570	11889	11890	11566	11891	11892	11893
refrigerator
tapioca	19209	03118	19199	19198	03134	03135	03136	03137	19709	03156	03157	19218	03129	03128	19234	03140	03162	03160	20068	43546	03280
granola	08054	08220	08587	08627	08277	08218	25036	08189	21463	28002	28001	08284	21381	08037	18260	18261
barley	06146	06442	03181	03681	27013	20131	20130	06415	06042	20006	20005	20004	06733
nutmeg	02025	04572
dragonfruit
cloves
sundae	21336	21334	21033	21032	21034	21337	43269	21335	28178
salami	07071	07230	07226	07926	07070	07072	07227	07068	07069	07266	07267	07941	07228	07002	07003	07913	07229
cookie	18188	18544	18541	18540	18378	28093	28096	28098	28289	28079	18527	18522	28039	28054	28055	28056	28057	28052	28053	28058	28059	28032	28033	28030	28031	28036	28037	28034	28035	03214	03213	28209	28208	28205	28204	28207	28206	28201	28200	28203	28202	18547	28229	28228	18167	18166	18165	18164	18163	18161	18160	18168	18189	18184	18187	18186	18180	18183	18182	28269	28262	28261	18210	18213	18212	28106	28107	28102	28103	28108	28109	18377	28128	28129	28124	28125	28126	28127	28120	28122	28082	21030	28121	28302	28309	28165	28169	18562	21413	28083	28081	28080	28061	28060	28062	42183	28293	28290	28291	08017	28048	28043	28041	28040	28047	28045	28044	28267	28264	28130	18538	18539	18532	18533	18535	18537	28027	28029	28028	28223	28221	28220	28225	18619	28078	28077	28074	28075	28072	28073	28294	28298	28299	28227	28226	18630	03206	28218	28219	28216	28217	28214	28212	28213	28211	18158	18159	18152	18150	18151	18156	18157	18154	18155	21339	19160	19161	18172	18173	18176	18178	18179	18513	18994	18993	18991	18198	18199	18196	18192	18193	18190	18191	28114	28116	28113	28119	28118	28278	28279	28270	28271	28272	28273	28275	28276	28277	28300	28301	18422	18423	18421	18208	18209	18206	18204	18205	18202	18200	18201	28132	28131	18170	18171	18174	18175	18177	18185	18529	18528	18524	18651	28151	28150	21029	01239	28173	28199	28198	28195	28194	28197	28196
acornsquash
brownrice
ate
raisin	08132	18356	08220	43100	18184	08436	18377	09297	09299	09298	08218	19022	42265	08702	08700	08708	18047	18048	19406	08189	08061	08060	08133	08697	08599	28048	28041	18538	08380	08696	28072	08284	19149	08261	18431	18388	08247	08245	08228	18191	19127	08484	18246	18247	18414
takeout
pudding	19706	19209	19208	19201	19203	19202	19204	19207	19206	19199	19198	19191	19190	19193	19195	19194	19705	19709	19708	03233	19322	19323	19320	19321	19324	19325	43004	36404	19710	44258	44259	19218	19219	19212	19188	19189	19183	19184	19185	19233	19234	19235	18112	44061	03224	03225	03226	11656	03246	03245	19319	19318	19121	19122	19123	19331	19330	19333	19332	44260
pepperoni	21280	21281	21284	21288	21296	07057	21275	21274	21485	07278	21291	21297	21478	21477	21476	21303	21302	21148	21146	21492	21491	22903
soda	18372	14144	14142	14552	14130	14121	28255	18032	18426	18228	18425
garlic	06339	22990	18963	06601	18982	06995	06222	06226	06225	06229	28140	28145	28160	28063	11215	22945	16611	16610	02020	06239	06235	06236	06237	28247
feed	03825	03864	03992	03857
dine
limabeans
blackbeans
mochi
lettuce	21461	21486	21487	21210	21213	21214	21230	21462	11257	11252	11253	11250	11251	21490	36060	36061	21126	21125	21124	21082	21260	21261	21262
fast	17081	17083	17418	17419	23433	23432	23430	23439	23454	23470	17388	17386	17384	19252	23397	17407	17406	17409	17405	17400	17361	23406	23422	23446	23465	23468	17398	17396	19896
salsa	06597	06598	06164	27047	06601	06605	16203	27030	06178	27053	27054	27028	27029	28020	27052
bland
blacktea
calorie	19703	42158	42151	42157	14422	14423	42171	19704	03984	08669	19176	19175	04686	28120	28122	28123	28121	14633	25052	42140	42309	08651	28250	28251	28115	28114	28117	28116	28113	28119	28118	42116	33874	33875	43401
cassava	11134	25050
spinach	11458	11459	11457	11854	11855	11856	20095	22994	11464	11461	11463	11802	11801	20111	20112	11274	11275	11276	11277	03127	11986	20096	11658	21500	20126	20127
brisket	13055	13983	13343	13346	13347	13904	13485	13368	13369	13367	23634	23632	23451	23450	23659	23658	23595	23596	13023	13950	13597	13596	23660	23399	23613	23615	23402	23403	23401	13165	13372	13371	13370	13975	23448	23449	13595	13808	13805	13804	13807	13806	13803
licorice
bitter	11025	11024	11023	11022	11711	11710
boil
kiwi	14618	14609
stomach	10119	10863
nibble
legumes
cereal	08500	08501	08050	08504	08505	08054	08507	08508	08509	08058	08059	03197	03194	03195	03192	03193	03190	03191	03198	03199	03690	03693	03694	03696	08314	08316	08319	08318	08078	08071	08073	08074	08077	08542	08543	08057	08506	14237	14236	08683	08682	08681	08680	08687	08686	08685	08684	08689	08688	08130	08132	08351	08353	08352	08355	08354	08220	08032	08113	08116	08376	08370	08588	08589	08582	08584	08586	08587	08014	08173	08172	08177	08390	08393	08138	42284	03965	08629	08628	08159	08625	08156	08627	08621	08450	08451	08459	08609	08608	08603	08602	08605	03211	03210	03212	08157	08444	08290	08478	08661	08660	08663	08662	08667	08666	08669	08668	08085	08084	08087	08081	08083	08082	08089	43218	08277	08274	08272	08273	08270	08271	08410	08411	08417	08649	08648	08647	08646	08645	08643	08642	08641	08640	08574	43495	08252	08259	08435	08436	19134	08635	08632	08633	08452	08453	08231	08236	08239	43570	08575	08577	08576	08573	08579	08578	08218	08210	08211	08214	08215	08216	42240	08553	08550	08554	08005	08003	08002	08493	08491	08494	08495	42265	42261	08539	08538	08029	08028	08531	08020	08025	03704	08469	08702	08703	08700	08701	08706	08707	08704	08705	14421	08513	08512	08511	08049	08048	03185	03184	03187	03186	03181	03189	03188	08189	08180	08182	08183	08069	08068	08067	08066	08065	08064	08061	08060	08001	03689	03682	03681	03686	03685	08305	08309	08537	08634	08614	08613	08631	08476	08471	08133	08698	08699	08128	08129	08694	08695	08124	08697	08122	08123	08692	08693	08348	08349	08346	08347	08599	08598	08597	08596	08595	08594	08593	08592	08591	08590	08017	08015	08012	08013	08011	08104	08105	08106	08107	08100	08101	08102	08103	08363	08365	08366	08146	08665	08121	03956	08160	08161	08164	08165	08168	08169	08388	08389	08386	08387	08384	08383	08380	08696	08690	08691	08120	08449	42297	08148	08639	08637	08142	08143	08144	08145	08147	43245	43241	08286	08284	08288	08023	08463	08462	03996	08615	08616	08617	08610	08611	03205	03201	08268	08267	08261	08263	08262	08409	08402	08672	08673	08670	08671	08676	08677	08674	08675	08678	08679	08096	08094	08092	08093	08090	08091	08249	08243	08240	08247	08245	08244	43544	08658	08651	08652	08653	08654	08655	08656	08657	42285	08221	08225	08228	03711	08206	08204	08202	08200	42236	42237	08567	08562	08560	08561	08568	08569	08583	08481	08484	08487	08489	08488	08549	08018	08019	08544	08010	43393	08045	08047	08046	08034	08035	08037	08030	08031	03712	08038	08039	08659	08192	08191	08194
hazelnut	35233	08689	12121	12120	12122	16262	04532	19125
micronutrient
soysauce
sesameseed
prune	03136	03137	03139	03178	03171	09293	09292	09291	09290	09294	09423	09288	09289
oats
syrup	09228	09220	09046	19912	90480	14181	14182	09065	09066	09067	09269	21363	09240	09241	09242	09317	19911	19916	09121	19367	19362	19360	19361	09106	09105	09104	09101	09100	19348	19349	43026	11645	11647	19113	09438	09432	09431	09352	09353	09351	09357	09379	09370	09374	14637	09239	09052	09056	09284	09285	09075	09074	09073	09271	09270	09099	09098	09091	09093	09092	09258	09257	09256	09255	09177	19436	42040	09109	09134	19353	19352	19351	19350	19355	21365	09243	09448	09440	19345	09301	09325	19128	19129	19720	09420	09288	09283	09367	09304	14060	09028	09029	09025	09026	09027
sourcream	19046
coconut	18313	28289	43100	28079	28054	19191	18102	12177	06624	12104	12109	12108	04047	19322	19323	19324	19325	04661	04646	18314	28309	22985	19219	12176	12179	06618	28218	28212	14090	12110	12114	12115	12117	12118	12119	04551	12116	28132	18524	04659	42272	18316	28197
coleslaw	21420	36035	21416	36028	36021	36025	21127	43016	42230
slaw

ginger	18562	14136	11216	02021
juice	11540	14620	14621	14622	14623	10884	10882	10883	09223	09043	14341	14646	14647	14645	14648	09444	09442	09206	09209	31008	09268	14238	19263	09514	09515	09517	09510	09511	09512	09513	09161	09160	44074	09120	09123	09125	09124	09126	09128	09211	09210	09217	03178	03179	03170	03171	03172	03173	03174	03175	03176	03177	14242	14243	14240	14241	07212	09400	09404	14262	14263	43535	14119	09411	09410	11578	09207	14187	10873	10875	10874	10876	09439	09294	31005	31007	31006	31001	31002	09354	43382	09016	09018	11531	42267	42266	14619	11886	11885	14615	14614	14617	14616	14611	14610	14613	14612	14282	14426	14427	09516	19856	14633	14636	14635	10893	10892	10891	10890	09238	09233	09232	42120	14405	14406	31016	31012	31013	09282	14651	43450	09219	09213	09215	09214	09072	09452	09273	09275	09274	09097	14334	31018	31017	43365	09254	09017	43346	10901	10903	10902	09221	09508	09506	10923	10927	10926	10925	10924	10928	09383	14327	31010	31011	14114	09154	09152	09153	11585	03169	03168	03167	03166	14618	09103	09130	09135	09443	11655	03001	03265	03267	03268	03269	14042	09409	14038	18423	10904	10900	18175	09507	42119	09002	14431	14430	42270	14608	14609	14607	14064	43404	43408	09024
sorrel
pastry	18938	18939	18959	18337	18481	18482	18487	18488	18489	18211	04665	28163	28164	28165	28167	28168	28169	28182	28180	28181	18361	18362	18497	18494	18490	18479	18478	18477	18476	18431	18430	18433	18435	04655	18246	18247	18244	18245	28177	28176	28175	28174	28173	28172	28171	28170	28179	28178	18486	28193	28192
dailybread
mint	28093	28097	28099	28035	19153	28120	28223	28078	18991	19879
Brusselssprouts
sprinkles
candyapple
bagel	25046	18408	18407	18005	18006	18007	18001	18002	18003	21411	21410	18968	18406
zucchini	11477	11478	11479	11953	11861	11862	11481	11480
jimmies
gravy	06331	06330	06332	06317	06319	06318	06124	06125	06126	06127	06120	06121	06122	06123	06320	06329	22957	05286	08444	06959	06958	06957	06977	06999	06998	06997	06996	16505	16504	06119	06118	06115	06114	06116	06326	06327	06324	06325	06322	06323	06321	06328	06985
cheesecake	18148	18147	28076	28077
salmon	15179	35190	35171	15209	35152	35151	35157	15247	15212	15210	15211	15182	15180	15181	15238	15239	15237	15252	15253	15251	15087	15086	15085	15084	15083	15082	15081	15080	15272	15273	35153	35150	35068	35064	04593	35168	15076	15077	15078	15079	15236	35067	35066	35065	35166	35167	15265	15264	15260
mutton	04520	04606	35144	35145	35146	35141	35143
shallots
romaine	11251
watercress
chard	11147	11765	11148
oyster	28282	05631	15171	11437	05652	06448	06248	15231	05651	06176	15168	15169	15167	15245	11987	23428	23429	06048	23440	23464	18426	21048	18228	15170	15244	15246	18425
gyro
napkin
hungry
scrambled	01132	21018	43285
macaroon	28205	28309	18524
pineapple	14341	09268	09269	09510	03150	03151	03156	03157	03158	03159	03177	19366	03233	09106	09105	09104	09101	09100	09430	09354	14615	09452	09271	09270	09273	09272	09275	09274	09099	09098	09097	09096	14334	09266	09267	18119	09103	09102	09325	09409	09429
beancurd
tuber	35235	11599
currants
sweetpotato
hunger
stove	18567
recipe	21426	21428	18378	04133	04135	06142	18336	21427	21424	21425	18101	18102	18294	18293	18126	19409	18146	18165	18390	18396	18189	18184	18024	18401	18402	16565	18377	18237	18278	18273	18270	21435	21434	21437	21436	18367	04146	18328	18321	15142	01164	18306	18304	18302	18309	11843	22120	18116	18119	18322	18325	18327	18282	18139	18134	18637	11373	18154	15030	18032	18208	18399	18016	18019	18078	18071	18073	18077	18269
fennel	02018	11957
seaweed	31020	11667	11666	11663	11669	31019	11442	11446	11445	11444
chicken	06590	06337	06336	06330	22958	05038	05037	05036	05035	05034	05033	05032	05031	05030	21426	05692	05691	05690	21428	21429	06311	06315	06314	05675	05002	05003	05000	05001	05006	05007	06120	06128	21404	21405	21406	21401	21402	21403	27008	27007	05093	05092	05095	05094	05097	05096	06393	06391	04542	06149	21468	21469	22992	22991	22990	21461	21466	21467	21464	22998	03303	21309	27021	27022	06357	07024	43373	21443	22978	22975	06320	27044	06400	06405	43128	05039	21427	22952	22951	22950	22954	05693	21424	21425	21422	21421	07252	06399	06392	06396	06395	05080	05087	05335	05337	07251	07250	07253	05671	05673	05672	05674	05677	05676	05679	05678	21488	21378	21376	21377	36057	36059	36058	21487	06058	06054	06057	05129	05125	05124	05127	05123	05122	36034	05356	05357	05352	05353	05351	05358	05359	07210	05109	05108	05103	05102	05101	05100	05107	05106	05105	05104	21417	36015	36010	05684	05686	21418	06483	06482	06481	06480	21256	21259	07053	07940	06012	06013	06015	06016	06017	06018	06019	06548	06549	03073	03072	06974	06970	06208	05319	05312	05313	05310	05311	05314	36604	07961	07960	43008	03013	03012	03014	03274	06999	06195	06194	05088	05089	05082	05081	05086	05084	05085	05332	05333	05334	05336	05338	05339	36629	36626	36621	36623	07018	07017	07909	07906	06502	21407	07271	07277	03070	03075	03076	03298	03297	21054	06242	06245	06244	21230	06740	07923	07928	06528	05277	16526	05128	21035	21036	05121	05120	05048	05049	05046	05047	05044	05045	05042	05043	05040	05041	36401	21440	06726	06725	21445	42262	43410	05064	05065	05066	05067	05060	05061	05062	05063	05068	05069	18567	21471	21472	05058	05055	05054	05050	06119	05005	05008	05009	05083	21435	21434	21437	21436	21431	21430	21433	21432	21439	21438	05090	06586	06587	32006	06325	06328	05747	05746	05749	05748	05137	05134	05135	05132	05133	05130	05131	05028	05029	05020	05021	05022	05023	05024	05025	05026	05027	05685	05687	05680	05681	05682	05683	27013	06309	07932	07935	21470	22995	06363	06365	21462	22999	21465	06172	06470	21457	21459	21458	22980	22981	22982	22983	22984	22985	22989	06343	06439	06423	06350	06418	06419	06416	06417	06412	06413	05362	06062	22945	22946	22947	22943	21490	22949	21456	07224	07227	05076	06955	07249	06041	06047	05661	05688	05689	05345	05344	05347	05346	05341	05343	05342	05349	05348	05091	07083	06029	06023	06022	06025	06024	21102	05138	05136	22906	36023	36020	36027	36024	05361	07209	07200	07205	05126	36005	05114	05115	05116	05117	05110	05112	05113	05118	05119	21441	21442	21444	21446	22974	07231	06497	21246	21244	21245	05309	05308	05307	36614	36617	36619	36618	07223	07952	07959	22535	06543	21508	06966	06216	06212	06219	05099	05098	21266	21262	05326	05324	05323	05320	07021	06989	06986	06984	06983	06183	07915	06537	03068	03069	05059	21229	05057	05056	05051	05053	05052	32020	06734	06736	07933	06084	06082	06081	06080	05004	05079	05078	05073	05072	05071	05070	05077	05075	05074	05011	05010	05013	05012	05015	05014	05017	05016	05019	05018
spuds
toast	28011	28014	08272	28101	08579	08634	21386	08679	28110	18424	18224	18220	18221	18222	21023	21024	18268	18269
nectarine	09191
menu	36017	36015	36010	36604	36609	36003	36005	36009	36614	36613
sugar	14628	14647	09260	09261	08680	08686	08130	19260	19265	43100	09248	09247	14149	08586	14224	08628	42074	08459	19916	44074	19362	19873	19874	28229	28228	08411	08642	08641	44110	19907	09310	14548	28268	08635	14043	08579	09293	09292	25035	09013	09012	08469	19883	19882	19881	19880	19884	08704	09033	09034	18272	14630	14637	14636	28183	16200	19908	19909	19906	01242	01243	14196	42185	28293	14156	14370	14371	19217	28025	18494	14357	28223	28222	28221	28220	28007	28225	28224	18479	18478	08639	19436	19439	28227	28226	06618	28210	28231	28230	28232	18513	19340	28278	28279	28277	19871	28301	18208	18209	18206	18204	18205	18202	16149	08489	19333	19335	19334	19336	28173	14063	14061	19895	19890	19891	19892
celery	06334	44055	06010	11144	11143	11557	11764	06410	02007	06210	06218	06987
jam	43028	19719	19297
rice	08508	08509	22958	03194	03195	03694	03696	06315	19818	19819	42190	22998	06351	19010	08032	32002	08370	19208	20089	20088	19193	19195	19194	06463	06396	19051	19052	19053	08156	16605	03210	03212	06548	20447	20446	20444	20058	20054	20055	20050	20051	20052	20053	36602	43008	42204	19134	20036	20037	06502	18958	03296	03293	36404	36405	36406	36407	36401	08025	14639	43479	19403	19413	25059	32000	32001	32003	08066	08065	08064	06309	32018	22999	08348	06439	20133	20134	08100	08101	06423	06063	22946	22947	22949	08168	06389	08546	36044	20345	03082	03083	19438	08288	04037	06029	06023	06022	03997	19414	20061	20060	43529	18384	20090	20041	20040	20047	20046	20045	20044	20049	20048	43544	20450	20451	20452	20453	08653	19816	19817	42285	20445	20545	19416	16082	36417	32021	03049	42278	42279	18059	03712
toffee	19136	19383
plate	23222	23223	23221	23226	23224	23225	13979	36609	23169	23168	23163	23165	23164	23167	23166	23171	23217	23216	23215	23214	23219	23218	13977	23172	23173	23170	23541	23540	23162	17273
kidneybeans
appetizer
molasses
batter	05035	05030	05002	05007	05092	05101	05085	05049	05067	05058	05076	05016
julienne
cayennepepper
jicama	11604	11603	11898
chips
chutney
greens
pretzel	25060	19050	19917	03215	28123	28140	28141	28144	43109	19049	19048	19047	19814	19812	19813	28115	28139	25024
caramel	28289	19076	19074	19152	19364	21032	25015	28081	19256	08596	28029	19187	19231	19232	28005	21343	19436	43031	43506	21335	19160	19094	19895
mints
steak	23059	23058	23509	23055	23057	23056	23050	23052	23656	23654	23120	23122	23268	13070	23079	23078	23077	23076	23075	23381	23383	23382	23385	23384	23387	23386	23389	23388	13519	13868	13863	13862	23244	23245	23246	23241	23242	23243	23051	13650	23228	23229	23222	23223	23221	23226	23227	23224	23225	23039	23037	23033	23032	23031	23030	23201	23202	27048	06403	13929	13927	13924	13923	13920	13921	23636	17337	17336	17335	17332	06462	13342	13900	23045	23043	23040	23041	13905	13906	13907	13902	13908	13909	13481	13483	13482	13484	23266	23267	23269	11411	11412	13963	13961	35174	35176	23187	23188	23630	10953	10956	10957	10954	23186	10149	13948	13949	13943	13946	13971	13970	23611	13979	13449	13448	13445	13444	13447	13446	13441	13440	13443	13442	36013	36011	10086	10080	10081	10082	23280	23281	23282	23283	10084	10085	13469	13468	13463	13460	13467	13466	13465	13464	36607	36608	23657	23124	23655	23121	13896	13894	13893	13891	13898	13401	13404	13407	23356	23354	23355	23352	23353	23351	13232	13231	13236	13235	23109	23108	23103	23102	23100	23107	23106	13968	13969	23592	23593	23374	23370	23371	23372	23373	23169	23168	13869	23064	23060	23062	23063	13000	23318	23319	23312	23313	23310	23311	23316	23317	23314	23315	16522	17074	17072	23149	23148	23143	23142	23141	23140	13398	23163	23165	23164	23167	23166	23554	23088	23089	23080	23086	23087	23084	23085	23333	23334	23335	23339	13959	23627	23625	23622	23193	23533	23536	13871	23271	23270	23279	23278	13067	13066	13065	13069	13068	23519	23048	23049	23046	23047	23044	23042	23516	23517	13523	13520	13293	13294	21411	23171	23061	23392	23393	23390	23391	23394	23395	13647	13649	13648	17348	17345	13500	13501	13502	13872	13874	13875	23231	23230	23232	17405	17400	23610	23617	23295	23294	23002	23003	23000	23001	23006	23007	23004	23005	23008	23217	23216	23215	23214	23213	23219	23218	31030	06438	13935	13934	13931	13930	13933	13932	23097	13351	13352	13354	13356	13359	23144	13918	13912	13917	13915	06384	13977	10945	10946	13499	13492	13493	13491	06454	23038	23628	23629	23194	23195	23196	23197	23192	23621	23624	13903	23605	23606	23607	23600	23601	23608	23609	13459	13456	13454	13455	13452	13453	13450	13451	36000	36615	13889	13474	13477	13470	13473	13478	13479	23344	23341	23340	23343	23342	21267	21263	13413	13410	23587	23585	23584	23583	23589	23588	23363	23365	23364	23369	23116	23117	23110	23111	23112	23118	23119	13439	23105	23104	23309	23308	23303	23302	23305	23304	23307	13598	23172	23173	23170	23176	23177	23174	23175	23178	23179	23098	23541	23540	23547	23545	23096	23326	23123	23324	23323	23322	23321	23320	23325	23162	23158	23150	23151	23152	23153	23154	23155	23156	23157	23521	21006
picnic	10169	10168	10167	10166	10078	07062	10075	10074	10077	10076	10079
nut	25048	12588	12586	12585	12204	12206	12200	12202	12203	12059	12058	08057	08684	12078	12077	12167	19866	12094	12143	12142	12140	12147	12145	12144	12149	12177	12129	12128	12121	12120	12122	12127	19367	08081	19822	12104	12101	12100	12109	12108	08646	08645	12695	12086	12087	12084	12085	12088	12652	12665	35053	12632	12635	12637	12638	04646	35052	08491	25015	19406	35207	25053	19301	07930	08614	01240	12060	12062	12063	12065	08592	19062	12071	12176	12175	12179	12738	42297	43245	12154	12155	12156	12151	12152	43031	43506	08615	12138	12132	12130	12131	12137	12135	08261	08670	08676	12110	12114	12115	12117	12118	12119	08243	12737	19101	19104	18994	12116	12095	12097	12096	12093	12099	12098	12061	12644	12643	28159	28158	12563	12565	12567	12195	18247	25006	25008	08045
lemonade	28202	14543	14542	14287	14288	14293	14292	28150
blackeyedpeas
kettlecorn
pitabread
quiche
noodles
honeydew	09184
elderberry	09088
splitpeas
mug
wok	04643	04644	04650
yogurt	19393	16253	16252	16251	16250	16257	16256	16255	16254	16259	16258	01278	01275	01276	25043	01256	19079	03965	01116	01117	01118	01119	43536	43537	43539	08553	08531	04627	04626	01222	01220	01221	43476	42120	01203	25054	21463	03302	42186	42187	42185	01280	01281	42150	03956	01121	01120	01122	43261	43523	21381	21380	19293	01187	01184	42119	01235	01231	01217	01216	01219	01218
nutritious
cantaloupe	09181
porkchops
cauliflower	11762	11137	11136	11135	11138	11761	11983	11965	11967	11968
sole	15029	15028
vitamin	19703	25043	16231	16230	01042	01046	14646	14647	14645	14648	01254	01253	01252	19269	01174	01175	09510	04693	04694	01154	01155	01151	01152	01153	03139	19919	09210	16139	04691	04692	04695	04696	01097	01096	01091	01090	01092	16228	16222	16225	01079	14323	16155	16156	01222	01220	01221	16229	14639	14633	14636	14635	14634	16227	14538	14651	01077	19274	19272	19273	43345	09506	14156	14154	44048	01106	01104	01103	01102	01086	01087	01084	01085	01082	01083	01080	01081	16168	04690	04697	25003	14605	43404	01212	01211	01217	01216	01215	01214	01219	01218
potroast
broil
aspic
kitchen	28218	28219	28217	28276
dates
jelly	19300	44110	18256	19106
succotash	11496	11497	11872	11871	11499	11495	11502	11501
hummus
berry	25062	14623	19269	08589	09514	28034	08629	08621	08608	19363	08663	08274	08273	35133	08239	14611	08347	35001	18490	08383	08691	28001	18501	03995	28172	14607
eggplant	43146	11209	11783	11210
bran	08504	08352	20077	43495	20033	20034	08231	08236	08005	18007	08029	08700	18049	08061	08060	18345	08599	08363	08380	08696	43245	04037	08023	18284	18283	08261	20060	18388	18384	08240	08247	08244	18037	18038	08484	08018	43393	18050	18059	18066	20015
patty	23503	07967	07966	42173	21400	23507	23506	23501	28097	07965	22118	05670	07901	35172	16607	16601	16608	10146	23474	23473	23479	23478	21112	21113	21110	21111	21114	21115	21395	21396	21398	21399	16587	16588	21094	21091	21099	21098	07907	23578	23579	23574	23573	23558	23559	05664	21410	13317	43137	05292	07064	07063	22122	05667	13496	13497	21101	21100	21107	21109	21108	21389	16593	21089	05324	05323	21397	21390	21393	21202	23569	23568	23564	23563	07953	16557	16551	21026	21097	21096	21095	21093	21092	21090
loaf	07211	23475	07058	07051	07056	07940	07032	23576	23571	07062	07060	07061	07224	13495	18631	07221	07222	07223	23480	07020	07021	23581	07001	23566	23561
pot	13285	06441	23631	23633	22528	22529	19130	23103	23102	23133	23131	23082	23083	23081	13814	13812	13813	13810	13811	13293	13294	13647	13649	13648	23612	23614	23000	13378	13377	13375	13373	22906	23602	23603	23132	23111	23112	23104	23099	13809	13384	13383	13380	13381
pop	18481	18482	18487	18488	18489	43514	19873	19283	08068	18497	18494	18490	18479	18478	18477	18476	19871	18486	19891	19892
oregano	02027
molesauce
walnut	04528	08646	08690	12154	12155	12156	08228
beef	06595	07038	13055	23059	23058	23509	23508	23055	23054	23057	23056	23503	23050	23053	23052	23125	23656	23654	23653	23120	23122	13285	13284	13841	13840	13843	13842	13845	13844	13847	13846	13849	13848	23264	23265	23262	23263	23260	23261	23268	06317	13070	23079	23078	23073	23072	23071	23070	23077	23076	23075	23074	13985	13980	13981	13982	13983	23381	23380	23383	23382	23385	23384	23387	23386	23389	23388	16007	13519	07905	42179	13868	13867	13866	13865	13864	13863	13862	13861	13860	23248	23249	23244	23245	23246	23247	23240	23241	23242	23243	06375	13098	13096	13097	13095	23507	23506	23051	23502	23501	06146	06147	06145	13650	23228	23229	23222	23223	23220	23221	23226	23227	23224	23225	23136	23039	23037	23036	23035	23034	23033	23032	23031	23030	23130	06329	23200	23201	23202	27045	06409	22402	23357	13324	13325	13327	13320	13321	13322	13323	13928	13929	13926	13927	13924	13925	13922	13923	13920	13921	23415	23414	23417	23416	23411	23410	23413	23412	23419	23418	23637	23636	06398	06461	13342	13343	13340	13341	13346	13347	13344	13345	13348	13900	06472	06471	06476	23511	23045	23514	23043	23040	23041	13904	13905	13906	13907	13901	13902	13908	13909	23433	23432	23431	23430	23437	23436	23435	23434	23439	23438	06076	06075	06072	06070	06071	22939	13488	13481	13483	13482	13485	13484	13487	13486	13156	13150	13158	23266	23267	06444	23269	21486	13368	13369	13360	13361	13362	13363	13364	13365	13366	13367	07900	13963	13961	13965	07091	07090	23183	23182	23181	23180	23187	23185	23184	23635	23634	23189	23188	23631	23630	23633	23632	23459	23451	23450	23453	23452	23455	23454	23457	23456	23186	22917	23580	13948	13949	13940	13943	13946	07078	07075	07077	07076	13971	13970	13973	23619	23618	23611	13979	23477	23476	23475	23474	23473	23472	23471	23470	23479	23478	06032	13449	13448	13445	13444	13447	13446	13441	13440	13443	13442	23288	23289	23280	23281	23282	23283	23284	23285	23286	23287	06958	07050	07057	07056	07237	07233	07940	13858	13859	13469	13468	13463	13460	13467	13466	13465	13464	07226	06978	36603	07037	07039	23129	23128	23659	23658	23657	23124	23655	23121	23652	23651	23650	22529	13896	13897	13894	13895	13892	13893	13890	13891	13898	13899	13401	13402	13405	13404	13407	13408	23598	23599	13791	13795	13797	13796	13799	13798	23356	23354	23355	23352	23353	23350	23351	23358	23359	06997	21075	21076	21071	21070	21073	21072	21210	13232	13231	13236	07042	13235	07019	07016	07015	23109	23108	23103	23102	23101	23100	23107	23106	13967	13968	13969	06505	13428	13426	13425	13424	13423	13422	13421	13420	07272	07270	23638	07274	07279	03290	23590	23591	23592	23593	23594	23595	23596	23597	23378	23379	23374	23375	23376	23377	23370	23371	23372	23373	23458	06241	04001	06742	06749	07925	07924	07922	07921	07920	23169	23168	07928	13869	42241	23064	23065	23066	23067	23060	23062	23063	03055	03054	03053	03052	13001	13000	13002	23133	23290	23578	23579	23576	23577	23574	23575	23572	23573	23570	23571	23131	23318	23319	23312	23313	23310	23311	23316	23317	23314	23315	16527	43384	43432	36403	23149	23148	23147	23146	23143	23142	23141	23140	06091	06097	42262	13395	13396	13391	13390	13393	13392	13398	23161	23160	23163	13023	13020	23165	23164	23167	23166	23554	23557	23552	23558	23559	23088	23089	23082	23083	23080	23081	23086	23087	23084	23085	23330	23331	23332	23333	23334	23335	23336	23337	23338	23339	43417	13959	13958	13955	13954	13951	13950	07088	13818	13819	13816	13817	13814	13815	13812	13813	13810	13811	23627	23625	23622	23623	23620	23193	13047	23533	23531	23536	06116	13597	13596	04606	42129	19407	13834	13835	13830	13831	13832	13833	13838	13839	13871	23275	23274	23277	23276	23271	23270	23273	23272	23279	23278	32009	32007	32000	32001	06327	06324	13067	13066	13065	13069	13068	23519	23048	23049	23046	23047	23044	23513	23042	23515	23516	23517	13523	13520	13293	13294	23660	13852	13850	13851	13856	13857	13854	13855	23253	23252	23251	23250	23257	23256	23255	23254	23259	23258	07931	23171	07937	23061	23068	23069	23392	23393	23390	23391	23397	23394	23395	23398	23399	13647	13649	13648	13500	13501	13502	42161	13878	13879	13870	13872	13873	13874	13875	13876	07073	07072	23239	23238	23231	23230	23233	23232	23235	23234	23237	23236	13319	13318	13317	23613	23612	23610	23617	23616	23615	23614	07934	23299	23298	23297	23296	23295	23294	23293	23292	23002	23003	23000	23001	23006	23007	23004	23005	23008	06170	19002	13877	42188	23217	23216	23215	23214	23213	23219	23218	06437	06434	06432	13339	13338	13333	13332	13331	13330	13337	13335	13334	13853	13935	13934	13937	13931	13930	13933	13932	35186	06426	06415	23093	23092	23095	23097	13351	13350	13353	13352	13355	13354	13357	13356	13359	13358	23144	13919	13918	13913	13912	13911	13910	13917	13916	13915	13914	23406	23407	23404	23405	23402	23403	23401	23408	23409	06061	36060	36061	13166	13165	07065	07062	06387	06388	06389	06475	13378	13377	13375	13373	13372	13371	13370	07227	13972	13975	13974	13977	07247	07244	07242	07243	07241	23428	23429	23424	23425	23426	23427	23420	23421	23422	23423	06044	22928	22929	13498	13499	13492	13493	13490	13491	13496	13497	13494	13495	14114	13147	13148	13149	06457	23038	13394	13399	13957	13956	13952	07083	23198	23199	23628	23629	23194	23195	23196	23197	23190	23191	23192	23621	23448	23449	23442	23443	23440	23441	23446	23447	23444	23445	23626	06026	22908	22905	23624	13903	07068	07069	23604	23605	23606	23607	23600	23601	23602	23603	23608	23609	07202	07200	07201	07205	23460	23461	23462	23463	23464	23465	23466	23467	23468	23469	06009	06008	21125	13459	13456	13454	13455	13452	13453	13450	13451	07945	07941	07231	07043	07956	07959	23480	23481	13885	13884	13887	13886	13881	13880	13883	13882	13889	13888	13474	13477	13470	13473	13478	13479	04550	06547	23345	23344	23347	23346	23341	23340	23343	23342	23349	23348	21080	21082	21086	21087	21265	21260	21261	13228	13227	07022	07023	07020	07021	23648	23649	23138	23139	23640	23137	23134	23135	23132	23646	23647	13413	13410	13411	13416	13417	13414	13415	13418	13419	03002	03003	13786	13788	23587	23586	23585	23584	23583	23582	23581	23589	23588	23363	23362	23361	23360	23367	23366	23365	23364	23369	23368	06985	06982	06980	21068	21066	21067	21064	07008	07001	07002	07004	07007	07918	07912	07913	07916	07917	07915	23114	23115	23116	23117	23110	23111	23112	23113	23118	23119	13326	13328	13329	13438	13439	13430	13432	13436	03287	23105	23104	23569	23568	23565	23564	23567	23566	23561	23560	23563	23562	07954	23309	23308	23301	23300	23303	23302	23305	23304	23307	06251	13595	13598	06733	06739	23172	23173	23170	23176	23177	23174	23175	23178	23179	03049	03041	03042	03043	03044	03045	03047	21063	13019	23127	23126	23099	23098	23549	23091	23090	23541	23540	23547	23094	23545	23096	23327	23326	23123	23324	23323	23322	23321	23320	23329	23328	23325	23162	23158	23159	23150	23151	23152	23153	23154	23155	23156	23157	13809	13808	13805	13804	13807	13806	13801	13800	13803	13802	13386	13387	13384	13382	13383	13380	13381	13388	13389	23521	23523	23525	23528	23291	13823	13822	13820	13829	13828	13821	13827	13826	13825	13824
parsley	11625	11297	02029
yam	11601	11602	11258	11259	11897	11927
horseradish	02055
beet	03098	11605	11609	11082	11081	11080	11087	11086	11084	11735	11734	11736
basil	16585	27019	02044	02003	06239	06233	16554
unleavened	36415
fry	18970	11411	11412	36014	18449	36607	21238	04649	18364	18363	28295	18450	36002	36007	21247	36610	21249	04653
ravioli	22976	22939	36053	36055	36054	03046	22929	22900	22899	32022
mandarinorange
shishkebab
mushroom	06338	11992	06339	06121	06122	06147	06149	11240	11243	11798	11797	06355	11269	11268	11263	11261	11260	11267	11266	11265	11264	11998	11993	06444	06443	06442	11238	11239	06487	06549	06978	11939	06221	06220	06224	06229	06240	06243	06726	11950	11551	32023	06322	27013	27034	06438	11989	11987	06043	06042	06044	06457	06003	06547	21500	06968	06214	06988	06182	06231	06232	16552
fire	18981
squash	12014	12016	11488	11483	11482	11476	11477	11474	11475	11473	11471	11478	11479	11870	03114	12163	11858	11859	11857	11953	35139	35138	11641	11643	11642	11644	11490	11491	11492	11493	06509	12516	11467	11468	11861	11860	11863	11862	11865	11864	11867	11866	11869	11868	03105	03104	35146	11487	11486	11485	11484	11481	11480	11489	12663
savory	06447	06441	02039	16584	06439	22948	06985	28191
liver	35072	04589	35013	13325	13327	05282	07053	07055	07054	05143	07014	17203	17202	17201	17200	17204	35051	35226	05028	05027	35047	35068	17368	17369	35023	10110	10111	23424	23425	05661	07208	07207	17199	07040	07041	05177	05178	05150	35088	35083	13326	35060
brunch
cottagecheese
digestivesystem
Edamcheese
sorghum	20648	20067	19355	20650
squid	15175	15176
sustenance
protein	16425	16420	16421	16422	16423	28016	03211	01116	01117	01118	01119	20645	20646	20641	20640	14068	14044	20629	20628	20624	20623	25015	01067	01224	01223	01220	18043	14654	03682	08471	16415	16417	16416	16419	16418	01121	01120	01122	16125	16121	16122	18383	01087	01084	01081	14059	14058	14055	03711	14033	14035	20630	20634	20635	20636	14066	14067	01217	01216
cuisine
whippedcream
toaster	18938	18939	18481	18482	18487	18488	18489	08494	28163	28164	28165	28167	28168	28169	28182	28180	28181	18361	18362	18497	18494	18490	18479	18478	18477	18476	18997	18998	28177	28176	28175	28174	28173	28172	28171	28170	28179	28178	18486	28193	28192
bowl	22958	27008	27007	06502	06503	06504	06505	06241	06242	06245	06244	27018	27017	22969	06497	06252	06250	06251	28155
greenbean
macaroni	32016	22247	20108	20106	20107	20105	20102	20100	20101	22970	22402	22959	03090	22919	20400	36017	07940	36609	43432	32008	32004	32005	20099	32014	22960	20301	20302	36040	03089	36003	36009	36613	20499	03048	03044	03045
milkshake	28182	28181	43078	28193
pan	18954	18955	21498	21272	21275	18958	21294	21297	11391
cod	04589	15015	15016	15017	15018	15019	15192	15269	15268
oil	19706	04612	42158	42157	12038	15119	12586	01068	01060	04135	04545	31022	04588	04589	04584	04585	04581	04582	04583	35014	04613	04614	04707	04702	04700	04701	04708	04693	04694	19705	19708	42289	12144	11956	04528	04529	35156	04506	04501	04502	21138	19809	04044	04047	04042	15002	04549	04541	04543	04544	12538	04685	04684	04683	04060	12086	04665	04664	04661	04660	04663	04662	12665	35057	04669	04668	15185	15183	12637	12638	04648	04643	04642	04646	04645	04644	28149	25014	04620	04624	04629	04628	01067	15088	19710	01059	35042	01076	04510	04517	04145	04146	04128	15124	04593	04592	04591	04590	04594	35001	12065	44005	12738	04534	04536	04531	04530	04532	11391	04034	04037	35164	04518	04513	04511	04516	04515	04514	12138	12137	04573	04572	12737	19810	04055	04053	04058	43566	04690	04697	04698	04699	35084	35087	42231	12644	04678	04679	04677	04673	04670	32021	25026	42256	12565	12567	04026	04654	04656	04657	04650	04651	04652	04653	04658	04659	42116	04030	04038	01003	04633	04631	04634	35092
papaya	09228	09229	09226	03162	03160	09325
mashedpotatoes
pomegranate	09442	09286	14031
drink	14625	14626	14627	14628	14629	14341	14640	14641	14646	14647	14645	14648	14425	14422	14423	14238	14436	42055	14240	14241	14268	14269	14264	14267	14262	14263	14119	14541	14041	14043	14022	14021	14026	14323	14450	14619	14615	14614	14617	14616	14611	14610	14613	14612	14282	14426	14427	14424	14639	14633	14632	14630	14636	14408	14409	14405	14406	14407	14651	14334	43369	14318	14316	14317	14310	14311	14312	43345	14156	14154	14327	14297	14618	14296	14277	14030	14038	42270	14608	14609	14607	43404	14060	14061
munch	28034	19295
cucumber	35070	11205	11206	11937	11946	11948	11947	11940	11941
supper	22950	22944	22945	22946	22947	22943	22948	22949
taro	11878	11879	11519	11518	11881	11880	11523	11525	19524	11526	11520	11521	11522
tuna	15119	15117	15118	21214	15186	15184	15185	15183	15124	15126	15127	15121	15123	15128	21126	15221	15220
broccoli	06333	06392	06014	21133	06209	03298	06584	06589	11740	11741	11742	11743	11744	03959	11969	22535	06546	06215	11094	11096	11090	11092	11093	11739	11095	11097	11091
burrito	22917	21340	21061	22928	21264	21265	21266	21267	22918	21068	21069	21066	21067	21064	21065	21062	21060	21063
rollingpin
veal	17351	17350	17352	17089	17088	17140	17141	17142	17143	17434	17435	17436	17437	17430	17431	17432	17433	17438	17128	17122	17123	17120	17121	17126	17127	17124	17125	17100	17101	17103	17104	17105	17106	17107	17108	17109	17188	17189	17223	17222	17208	17203	17202	17207	17204	17102	17349	17155	17154	17213	17219	17092	17093	17090	17091	17096	17097	17094	17095	17098	17099	17139	17138	17429	17428	17131	17130	17133	17132	17135	17134	17137	17136	17117	17116	17115	17114	17113	17112	17111	17110	17119	17118	17427	17426	17425	17424	17198	17197	17194	17193	17190	03005	07006	07910	17129	17216	17217	17212	17218	17000	17272	17273	17270	17271	17276	17277	17274	17275	17278	17279
Danishpastry
gingerale
smoked	15131	15179	05282	35190	07257	07900	07075	07074	07077	07076	07217	07216	07054	07943	07239	28240	07273	07272	07271	07275	07274	07927	07924	07922	07920	07929	07928	42241	42262	07268	19407	15106	07934	43367	43366	13357	13358	05600	15077	15075	07261	07262	15035	15014	07916	07917	35067	35066	07938	35166	16533	43390	43391
hotdog	18350	18351	18352	21118	21119	21120
kale	11792	11791	11790	11623	11622	11236	11233	11234	11235
cheddar	01270	01259	28050	06038	01265	28240	28249	18984	18987	18983	42205	01182	43278	28186	01260	01169	01168	28049	22962	19049	03959	18976	06383	08094	28237	28239	22535	28254	28258	07918	07917	25023	42258	43398	42117	01009
submarinesandwich
margarine	04618	04610	04611	04617	11844	11930	21363	11383	18165	04691	04692	04696	04684	04683	18023	04665	04668	04629	04628	32001	32003	22999	22960	11843	19371	19372	11371	21365	11929	18208	04073	18019	32021	04630
omnivore
cilantro	06598	11165
ham	10884	10885	10886	10887	10880	10881	10882	10883	10888	10889	10185	10184	10183	10182	10916	10917	10914	10915	10912	10913	10910	10938	10939	10934	10935	10936	10937	10931	10932	10933	08450	07276	06050	06051	10955	08444	10141	10140	10142	10146	10149	07211	07212	07215	07214	07217	07216	06037	21116	10167	10166	21099	07031	07030	07033	07032	06190	06193	07908	07906	07275	10879	10878	10871	10870	10873	10872	10875	10874	10877	10876	21057	10008	10009	10851	10136	06728	07264	10899	10893	10892	10891	10890	10895	10894	42128	43325	43327	43326	10919	07213	03304	10911	06433	21117	10907	10901	10903	10902	10909	10908	22962	06414	10918	10923	10922	10921	10920	10927	10926	10925	10924	10929	10928	05600	06380	06451	06459	10134	10137	10138	07080	10152	10153	10150	06007	21013	22537	07026	07027	07028	07029	03008	03009	10804	10802	10905	10904	10906	10900	10019	10018	10013	10012	10011	10010	10017	10016	10015	10014	03062	03061	03289	10868	10869	10866	10867	10865	06730	06738	07938	21008	21004
cherry	16256	09044	18938	18939	18095	09063	09064	09065	09066	09067	09068	18481	19873	18444	09076	09106	09105	09104	09101	09100	43535	09075	09074	09073	09072	09071	09070	18362	09099	09098	09097	09096	08693	19067	18309	03145	03144	09103	09102	03224	03225	03222	14078	19314	09328	03268	21069	14030	09367	09362	09001	43098	18308	19092
straw	11989
grapefruit	09111	09113	09121	09120	09123	09125	09124	09126	09128	09404	14334	09118	09112	09114	09117	09119	09116
uglifruit
kumquat	09149
teriyaki	22958	06112	06189
persimmon	09263	09264	09265
butterbean
chives
anchovy	15002	15001
endive	11213
provisions
boysenberry	09057	09056
jackfruit	09144	09420
clam	06594	27009	06429	06428	15157	15159	15158	27042	27043	06030	14187	06529	21043	06367	06364	06430	06431	15160	15162	06028	06027	06545	06230	06250
crisp	08509	19913	19914	08073	08589	28017	08649	28263	08216	28149	08025	28184	28185	28183	08305	08017	28020	19186	08245	08202	28159	28158	25025
onion	11288	11283	11282	11284	11287	11286	06123	18400	06354	11818	11289	11285	06446	11293	36031	18603	21130	18408	18407	11326	11327	11324	06998	06995	06222	06246	18001	18002	06094	36036	11553	11557	28188	11292	11290	11291	11296	11294	11295	11807	11806	11805	06340	06438	11983	06046	06045	02026	36022	36026	06494	21509	28135	25022	18406
hotsauce
blackberry	09048	09042	09043	09046	35015
meringue	18321	18320
nosh
tomatillo	11954
breadfruit	09059	12003	12001	12158
sorbet
yolk	03197	03198	01137	01160	01125	01127	01126	03201	19333
marmalade	19303
lobster	15154	15147	15148	15228
yeast	18955	18374	18375	36416	43406
meatloaf	43137
lentils
slice	43131
spareribs
okra	11281	11280	11803	11804	11278	11279
jalapeno	11979	31014	16204	11632
kettle
ice	14423	18522	43514	19873	19281	19280	19283	19387	14137	19217	14601	28179
lard	04549	04544	04002	04606	35142	35185
collardgreens
pea	43312	11814	11815	11816	11817	11810	11811	11812	11813	11818	16402	06050	06051	11311	11310	06623	11308	11322	11323	11326	11327	11324	06193	06192	11300	11301	11302	11303	11304	11305	11306	06249	16386	06449	06361	11809	03122	03121	06380	06049	06451	06459	16102	16101	06965	11318	11317	11316	11313	11312	16086	16085	06730	06738	42279
knife
wheat	08504	08054	20084	20083	48052	18950	28285	28284	28287	28286	20129	20087	20082	20081	20080	28051	16424	18966	08157	20649	20645	20646	20641	20640	08085	08084	08081	08082	20076	20077	20074	20075	20072	20073	20071	20078	18428	08574	18983	18982	08452	20629	20628	20624	20623	18958	20481	08575	08577	08576	08573	08578	18233	18232	18234	08218	28148	08028	18064	28308	03184	08183	18968	18967	18347	18979	20581	20139	20138	08597	08104	08105	08106	08107	08102	08103	08363	08365	08366	08146	08169	08546	20324	08148	08144	08145	08147	43245	28070	28295	08462	18284	18068	16123	20381	18388	18385	20024	28304	28137	20630	20634	20635	20636	08489	08488	18222	28157	43393	04038	20086	18055	18264	18265	08191	18066	18065
pomelo
tortilla	35239	18970	19444	19058	19056	19057	19424	18449	18364	18363	27018	43364	19063	35186	18616	19433	28295	18450	35143	06543	19833	43566	06537	19857	25028	04654	20086
stew	35236	17140	17141	06448	03072	06248	17059	03052	35024	23093	23092	43136	23095	35182	06048	22905	35144	35145	35146	35148	17061	17060	23091	23090	23094	35048
pasta	32010	32017	27021	06357	06400	36057	36059	36058	22914	06932	06931	20097	03077	06976	22522	06995	06994	06223	06222	06221	06220	06226	06225	06224	06229	06228	21055	06240	32008	32009	20098	20091	20092	20093	20094	20095	27033	22994	22984	22987	22944	22945	22943	22901	20096	06239	06234	06235	06236	06237	06231	06232	06233	06734
raspberry	16254	09518	18544	03152	03153	35202	08677	18435	18246	18486	09304	09306	09302
bellpepper
quinoa	20035	20137	16610
plum	03134	03135	03170	03293	09293	09292	09291	09379	35206	09284	09285	09281	09282	06151	09279	09283
oatmeal	03192	03193	03190	03191	03690	03693	28091	08687	08686	08689	08688	08130	18527	28057	28207	28203	08410	08411	08417	08642	08641	08640	08252	18184	18180	18183	18182	08436	28269	08632	28109	18377	08214	08215	25039	18040	03189	03689	08694	08124	08692	08693	28048	28041	28040	28264	18538	18533	18537	08690	08691	08639	28072	03205	28219	28216	08249	08245	18178	18179	18513	08225	08228	18039	28278	28276	28300	18200	08202	08200	08568	08569	28151	18051
shrimp	15151	15150	15153	15152	06056	36016	36605	36620	21059	21056	15270	15271	15149	06456	06342	36001	36006	36612	06256
peanutbutter
seeds
beans
cranberry	16021	09081	35030	08627	16019	14242	14243	16320	16020	43382	08703	09079	09078	35029	14038	08544	14431	14430
curry	06624	02015	22989
marshmallow
citron
tofu	42178	16214	16213	16212	16211	16210	16163	16428	16429	16426	16427	16127	16132	16159	16162	16165	16164	43476	16432	16281	16129	16128	16126	16161	16160	16275	16274	16277	16276	16271	16273	16272	16279	16278
waterchestnut	11590	11588
gastronomy
soy	16253	16252	16251	16250	16257	16256	16255	16254	16259	16258	03925	08580	16424	16425	16420	16421	16422	16423	03941	03940	04700	04701	03966	03987	03982	16115	16116	16117	16118	16119	03867	04665	04664	04668	04667	04666	04649	04648	01067	03928	16415	16417	16416	16419	27059	43114	03939	16418	16125	16124	16121	16123	16122	03926	03859	14035	04699	25025	16538	04654	04655	04650	04651	04652	04653	33872	33870	14067
custard	19205	19170	18317	18969	19187	19231	19232	19168	19169	03246	03245	18316	19094
maize	08648
grub
anise	02002
caviar	15012
alfalfasprouts
parsnip	11298	11299	11808
peapod
grated	18376	01032	01204	12176	12115	12117	12118	18079
marionberry
lox	15179
fork
creamcheese
nourish	08702	08703	08704
jug
pitcher
omelet	01130
eat
apricot	03118	03175	09403	09106	09105	09104	09357	09033	09032	09031	09030	09036	09035	09034	19719	03128	14327	03143	03142	04530	09103	09102	09028	09029	09024	09025	09026	09027	09021	09022	09023
mustardgreens
strawberry	16253	14621	18938	18939	01276	08542	09317	09140	18488	18489	18547	08662	14087	19112	09318	09319	09316	21334	19137	08453	08553	21034	14617	19884	14428	09516	28185	28181	18362	08698	19271	19273	01280	01281	28024	18497	28008	28002	08463	14618	03994	18431	09320	19878	18246	28177	14609
cornmeal	35234	20422	35131	35137	35136	20522	20322	20323	20324	20325	20320	20020	20023	20022	20025	20024	36415
fried	22958	05036	05035	05031	05030	21426	21428	21429	11842	11840	18319	05002	05003	05007	17357	05093	05092	05097	17376	21468	21469	21466	21467	21464	31029	31023	31027	31024	17418	15150	15156	15158	21443	15173	21427	16429	21424	21425	23433	23432	23439	11411	11412	36033	23470	05102	05101	05106	36016	18444	18445	11360	15021	21138	21130	15176	36604	36605	36602	05089	05081	05086	05085	21059	21058	21035	21036	05049	05044	05040	21440	21445	43410	05067	05063	05068	21043	21471	21472	05058	05054	05050	17384	05008	21435	21434	21437	21436	21431	21430	21433	21432	21439	21438	11296	11295	05021	17406	21470	21465	17405	17400	17364	17368	21457	21459	21458	31030	31031	36012	05292	11841	15168	21456	11407	11406	11403	11402	11409	11408	01128	05076	23422	11395	11394	11391	36029	36024	23465	23468	16129	36008	21441	21442	21444	21446	11359	09446	09447	36612	15011	21047	21048	05059	21229	36416	05072	05077	05300	17398	05012	05017	05016	15096
bambooshoots
dill	02045	02016	02017	11937	11947
pie	18313	18319	18090	18332	18333	18336	18312	02035	18943	18942	18948	18444	18445	18446	18443	22528	22529	18401	18402	28266	44158	18310	18314	18317	18945	18944	18947	18946	21324	18328	18321	18326	18306	18305	18304	18303	18302	18301	18309	11426	18320	18323	18322	18325	18324	18327	22906	18334	18335	28111	28112	19314	19312	18399	28171	43098	18316	18308
carbohydrate
utensils
cobbler	03228	03227	03222
sprouts
meatball	16602	22912	36038	36032	06228	07972	22966	22963	22961	43132	22940	22942
cream	06334	06337	06336	06333	06338	06101	42158	42157	06339	06312	06318	01049	18090	18373	01068	01069	06401	11497	01178	01179	19191	19228	18962	06446	06443	06056	06053	43276	43274	06483	06487	14130	06010	06016	21135	08641	08574	06201	06209	19322	19323	19324	19325	06195	08575	08577	08576	08573	08578	06243	06246	01199	01193	01194	18237	04028	18314	01017	01067	18961	01205	01206	28188	01050	01053	01052	01055	01054	01056	43450	42141	01074	18969	27034	18328	06340	18304	18303	08104	08105	08106	08107	08100	08101	08102	08103	19219	06416	06410	08168	08169	06955	06043	06046	06453	06456	06341	06342	43268	06001	12115	11906	11907	06968	06216	06214	06210	06218	06219	08225	12116	06988	06987	06182	01186	01180	06253	06256	06736	42116	28170	11772	42136	14415	11174
lemon	14476	19204	28037	14475	19708	11972	18445	07943	10854	01221	14137	18321	22947	18320	09154	09156	09150	09152	09153	28227	28214	18433	36617	01184	18423	18175	18529	19331	19330	19333	19332	18246
peach	16255	14620	09248	09240	09241	09242	09244	09245	09246	09247	03130	03131	03230	09407	09106	09105	09104	09101	09100	14086	43536	09438	09432	09431	09370	14614	09239	09238	09237	09236	09099	09098	09097	09096	09251	09250	08692	18323	03168	03161	09103	09102	03228	03229	03227	09243
subsandwich
cashew	12588	12586	12585	12086	12087	12085	12088	28124
saffron	02037
venison	35080
mayonnaise	42178	21461	43598	43355	04708	21356	21399	04689	21230	04641	04025	04029	04028	43329	04145	21462	21389	21397	21390	04018	04013	04011	04027	04026	42138
whey	01112	01113	01114	01115	43369	14058	14033	14066
roll	32012	43441	18358	18355	18356	18357	18350	18351	18352	18353	28288	19269	19014	19076	22953	22955	22954	23453	23452	23455	23454	18396	36601	07032	07017	16527	16526	07088	28167	18368	07935	18342	18347	18346	18345	18344	18349	18348	19273	19064	21388	23406	23407	23404	23405	28007	07082	18635	10170	10171	18641	16532	16533	16536	25003
tart	09044	09064	18481	18482	18487	18488	18489	18497	18494	18490	18479	18478	18477	18476	18459	18486
tamale	35237	36056	35147	36412	36411
mustard	02046	43144	11799	04583	21316	21313	04706	04703	04686	11801	11800	11274	11275	11270	11271	11272	11273	11983	02024
nourishment
pear	09444	09262	09260	09261	03132	03133	35199	35198	03158	03159	09106	09105	09104	09101	09100	09413	09412	09415	09414	09439	09432	09431	09374	09287	09099	09098	09097	09096	09259	09258	09257	09256	09255	09254	09253	09252	03141	03163	09103	09102	09440	43544	09408	09340	43408
diet	43355	14610	14608	14609	14607	42138
refreshments
herbs
cater
capers
wafer	19249	28038	18609	18986	18401	18213	18212	28224	18612	28215	28210	18157	28231	28232	28233	28258	19109	18209	18202	18226	18227	28152
salt	16079	11540	11546	11547	16070	12016	16379	11288	19702	11281	11283	16068	11019	11757	11756	11755	11754	11753	11752	11751	11759	11758	16392	16390	16396	16397	16394	16398	04618	04610	04611	04612	04617	11842	11840	11110	11113	11115	11117	11762	11569	11563	11565	11567	12038	12037	02047	11488	11483	04601	12588	12586	12585	43449	16002	12200	11136	11131	11138	16377	16370	16372	11836	11837	11834	11835	11832	11830	11831	11168	43311	43312	11249	11245	11247	11242	16028	16023	16025	11799	11798	11793	11792	11791	11790	11797	11796	11795	11794	31028	31026	11476	11474	11471	11478	11814	11815	11816	11817	11810	11811	11812	11813	11818	11269	11261	16061	16063	11061	16402	16409	08113	11181	20310	11458	11451	11496	11872	11870	11871	11876	11877	11874	11875	11878	11879	04613	04614	11200	11202	11204	11208	11192	11196	11198	16302	08173	04693	04694	11431	11436	12163	11858	11859	11850	11851	11852	11853	11854	11855	11856	11857	11225	11223	11221	19709	20421	11411	11412	11417	11419	12143	12140	12144	28017	11604	11602	12039	12540	12122	16375	11594	11596	11623	11621	16315	18448	18449	11236	11025	11027	11023	43217	11368	11369	11366	11367	11364	11365	11363	11360	11361	09402	16346	16341	16343	16348	10165	11101	11105	16136	16134	11642	11644	04691	04692	04696	11911	11912	11915	11914	11919	11918	11006	11004	11008	08574	11345	06972	12695	16363	16361	19807	16368	08252	11049	11144	11933	11323	11327	11490	11491	11493	12536	12537	12538	08236	16090	12086	12085	12088	08575	08577	08578	11047	11044	11040	11301	11303	11305	12539	16098	16092	16094	16097	16096	12652	16325	16323	16320	16328	16020	11519	11517	15186	15184	15185	15182	15183	15180	15181	12516	12632	12635	12637	12638	43387	11726	11724	11725	11723	11720	11721	11728	11729	11053	16036	16033	28149	11881	11880	11886	11885	11884	11089	11087	16053	11709	11705	11707	11700	11701	11702	11703	04620	04624	04627	04626	11142	11833	11845	16333	16338	08512	08511	16072	16077	16075	16381	11768	11769	16384	16386	16389	11763	11760	11761	11766	11767	11764	11765	11120	11125	20521	04602	08180	08182	08183	11164	11162	28187	11577	11575	11299	16015	16017	11290	11742	11743	11744	11745	11746	11747	11748	04600	11107	12029	11829	11828	11825	11824	11827	11826	11823	11822	11438	04144	04145	04141	04142	04143	16038	16031	42307	42309	11774	11123	12040	11464	11468	11809	11808	11803	11802	11801	11800	11807	11806	11805	11804	04128	28064	11259	11255	11784	11785	11786	11787	11780	11781	11782	11783	11788	11789	16410	11889	31030	12063	12065	11448	11038	11861	11860	11863	11862	11865	11864	11867	11866	11869	11868	11275	11277	11271	11273	11279	16436	16434	08105	08107	08101	08103	11428	11423	11424	11849	11848	11847	11846	11841	01145	08121	11210	11219	08161	08164	08165	08168	08169	11407	11406	11403	11402	11401	11409	11232	11234	20321	20345	08145	11395	11394	12152	11584	11887	11888	19823	11617	11614	20410	11150	12138	12132	12137	12135	11964	11967	11523	18432	11968	08093	08091	11032	11030	11359	16357	16353	16350	08249	08240	16109	16102	11351	11654	11902	11901	11907	18416	11909	11010	11334	11338	11486	11484	11480	11895	11897	11890	11093	11674	11675	11928	11922	11923	11924	11925	11926	11927	11317	11313	20445	12529	12663	11148	20545	18424	04690	04697	16046	16041	20121	12644	16088	16089	12643	16081	16086	16084	16331	11735	11734	11737	11736	11731	11733	11732	11738	04018	11873	16336	11779	11778	11775	11508	11506	11504	11502	16057	16050	12563	12565	12567	04026	12195	11713	11712	11711	11710	11717	11716	11715	11714	11719	11718	20510	11158	11526	11521	01002	11898	11899	11894	11896	11891	11892	11893	11095	11091	11099	16048	16043	16317	11771	11770	11773	11772	11777	04633	11904	04634	09020	11179
daikon
stringy
nutrient	14436	14557	14264	14267	14119	14316	14310	14558
platter	36606	36604	36605	36023	36024
pilaf	32002	32003	22988
