acornsquash	
agave	19912,35193,35192,35194
alfalfasprout	
almondmilk	
almond	19084,19858,14016,08696,19248,08692,25038,04529,25010,12195,12071,14054,08703,12695,19115,08707,08668,08645,12565,19132,12567,19130,28106,08543,18247,19236,28126,19403,08560,08544,18610,19016,19327,12061,12062,12063,08627,42240,19065,08675,43046,12665,12065,08202,28158,19302,19897,12206,19439,42227,12563
amaranth	11003,11700,20002,20001,11004
anchovy	15002,15001
anise	02002
apple	03152,03153,09004,09005,03265,03154,03289,03170,03171,08124,03173,03174,08003,08642,03269,21069,18354,03115,03220,03221,03166,18302,09411,08660,09517,18301,19294,08493,09400,09012,18938,18939,03268,43529,18246,19312,18443,08627,03165,03711,09015,09014,09017,09016,09011,09010,09013,09410,19186,03297,03164,03163,09018,08568,09502,21324,03168,28163,03211,08263,09003,18362,09006,09009,09444,43544,18240,43535,43550,03184,18944,08690,08678,18431,09007,09503,42150,09501,09500,09443,09008,09504
apricot	19719,09028,09029,09024,09025,09026,09027,03175,09022,09023,14327,03142,03118,03143,09106,09105,09104,09103,09102,09033,09032,09031,09030,09036,09035,09034,09021,03128,04530,09403,09357
artichoke	22994,11007,11009,11008,11010,11702,11703
artichokeheart	
asparagu	06312,11018,11019,11015,11011,11012,11013,06401,11709,06001,11705,06201,11707,32023
aspic	
aubergine	
avocado	09039,09038,09037,04581
avocadooil	
bacon	06731,21021,04609,06738,21003,21007,07254,21378,43212,03201,10123,16542,06117,21376,43378,10857,03059,10998,21462,10994,21461,43331,06596,21377,16200,18995,06380,10131,06383,21132,21012,16104,08096,21327,21307,16598,21360,07973,21097,10130,07921,10862,10860,10861,10864
bagel	21411,21410,18968,18003,25046,18408,18406,18005,18006,18007,18001,18002,18407
bakedalaska	
bambooshoot	
banana	03156,03157,09040,09041,03174,08417,03176,03188,18304,18303,14617,03686,18019,09516,03195,03192,03190,03191,08592,19705,19706,35132,03212,19320,19319,19400,42297,19321,08687,14621,03147,03280,03163,03187,03293,11976,03129,09325,14087,03690,43550,03186,43004,43546,19121,03994,03995,43539,03712,19318,42119,19122
barbecue	06150,05320,07001,06307,22972,43112,27058,27055,27057,27056,05312,05313
barley	06042,06733,20130,03181,06442,27013,20006,20005,20004,06415,06146,20131,03681
barleyflour	
basil	02003,16554,27019,06239,06233,16585,02044
batter	05092,05058,05049,05101,05076,05002,05067,05007,05016,05035,05030,05085
beancurd	
bean	35236,42286,42281,11199,16072,16071,19268,16075,16074,21080,11052,11053,11054,21085,21086,11058,16375,06117,16372,11726,16302,06190,11727,16315,11899,16073,36418,16056,11723,19279,06622,06437,16146,21264,22928,21076,16570,11050,16068,22969,11029,16172,16173,16171,11728,11729,06731,11056,16360,06402,06406,06404,22917,06454,21064,21065,21062,21063,21060,21061,11037,22993,11033,11030,11031,16320,42182,11038,11039,16381,16067,16384,43112,36045,16145,11933,11932,16326,16325,16323,11733,03092,11732,16328,06007,06006,06004,16403,16350,06414,16083,11896,16081,22904,16084,43125,21515,11595,16010,11597,11596,16015,16014,16017,16016,16019,16018,11599,36037,06002,16331,16333,16335,16336,16337,16136,16134,16135,16133,16082,06398,16338,16436,16434,06396,03093,43449,03091,22979,03096,16002,16003,16001,16006,11626,16004,16005,16080,16008,16009,16007,36413,11973,16345,16347,16346,16341,16343,22123,16348,11200,11061,11060,11063,11062,11731,11730,16039,16038,16037,16036,16035,16034,16033,16032,16031,16030,16059,16058,16054,16057,22918,16051,16050,16053,16052,16357,16353,43312,16103,16358,16359,16011,16316,16317,16028,16029,11724,11725,11722,22911,11720,11721,16020,16021,16022,16023,16024,16025,16026,16027,16200,16201,16202,16203,16204,16048,16049,16046,16047,16044,16045,16042,16043,16040,16041,11047,11046,11045,11044,11043,11040,11032,16368,11049,11048,36405,36406,36408,11713,11717,11716,11715,11714,11653,11719,11718,11654
beef	23612,13357,23519,13356,13809,23363,23362,23448,23449,23367,23366,23365,23364,23442,23443,23440,06116,23446,23447,23444,06505,06471,07931,23049,23180,13805,13020,06595,36060,23047,19407,07934,07945,06475,13166,06980,13165,13597,23513,13498,13596,23042,03042,03043,03044,03045,13804,23515,23135,06437,06434,06985,06432,23040,23041,23626,23104,13401,13499,13883,23598,23481,13807,23361,06026,23360,13786,23220,13019,07068,07042,07043,13452,23127,21087,13888,13450,21068,13408,21066,21067,13425,13424,13423,13422,13421,13420,23441,23126,07062,07941,13492,07038,23445,13904,13905,13906,13907,13900,13901,13902,13868,13867,13866,13865,13864,13908,13862,13861,13860,22908,23098,23549,23091,23090,23541,23540,23547,22905,23545,23096,13438,13339,13338,23120,13439,13813,13332,13331,13330,13337,23251,13335,13334,23064,23065,23066,23250,23060,23061,23149,23148,23147,23146,06978,23143,23142,23189,23140,23327,23326,23123,23324,23323,23322,23321,23320,06091,13878,06097,13956,23248,23249,13493,23244,23245,23246,23247,23240,23241,23242,23243,23258,13825,23392,23393,23390,23391,42129,23394,23395,23398,23399,13800,06387,23298,06327,36061,06388,06389,23433,23432,23431,23430,23437,23436,23435,23434,06472,23439,23438,06476,13649,13648,13885,13884,13887,13886,13881,13880,13935,23182,06982,23584,13889,23181,13417,23521,23229,22928,07202,23301,13055,07008,23604,23055,13818,23605,13952,07001,07002,23184,07004,23606,13497,23222,23607,21064,23223,13500,13501,13502,23637,23601,06076,23221,06072,06742,06070,06071,23226,23603,06375,23227,07200,23633,23303,03041,23225,13333,13824,13948,13949,07918,23059,23058,23509,23508,13940,23506,23057,13943,23503,23502,23501,23052,13474,13232,07201,06075,13470,07078,21265,13378,07075,07077,07076,13373,13372,07073,07072,13490,42262,21063,23200,23201,23202,13830,13831,13832,13833,23325,13838,13839,23590,23591,23619,23618,23594,23595,23596,27045,22939,23599,23611,23610,23617,23616,23615,23614,42161,13419,22929,23552,21260,21261,23114,13488,23116,23117,23110,23111,23299,23124,13481,23296,13483,13482,13485,13484,13487,13486,23477,23476,23475,23474,23473,23472,23471,23470,23121,07205,23291,23479,23478,23275,23274,23277,23276,23378,23379,23273,23272,23374,23375,23376,23650,23370,23371,23372,23373,13156,13098,13150,13096,13097,13095,13326,13158,13395,35186,23627,13396,13391,13390,13393,13392,23582,13399,13398,23528,07226,23646,13870,06409,23080,07227,22402,13829,23161,23081,23160,06032,13882,06457,23163,13329,13023,23507,23647,07924,36603,23054,23409,04606,13828,23164,23056,23167,07037,07039,23051,23166,23050,23425,23169,32009,23168,13430,13432,32007,32000,32001,13436,23356,06324,13491,23458,06241,13496,06329,13477,13494,21080,07928,23369,23554,13879,13973,23557,23129,23128,23659,23658,23125,23656,23655,23654,23653,23652,23651,23122,13324,13325,23088,13327,13320,13321,13322,13323,23082,23083,13285,13284,23086,23087,23084,23085,23600,23162,13449,13448,13445,13444,13447,13446,13441,13440,13443,13442,23158,23159,23358,03003,23150,23053,23152,23359,23154,23155,23156,23157,23330,23331,23332,23333,06146,06147,23336,06145,23338,23339,23239,07247,07244,07242,07243,07241,23231,23230,23233,23232,23235,23234,23237,23236,23309,23153,07083,03049,23308,23461,23329,07917,21125,06444,23576,13428,13650,23344,23347,23346,23341,23340,23343,23342,23424,23334,23426,23427,23349,23348,23422,23335,13896,13897,13894,13895,13892,13893,13890,13891,23577,23337,13898,13899,23307,13827,23466,23368,19002,04001,23620,23302,23238,13826,13148,13149,13934,43417,13808,13834,13975,23048,13835,23046,23511,23044,23045,23514,23043,23516,23517,13368,13369,21082,13402,13405,13404,13407,07069,13360,13361,13362,13363,13364,13365,13366,13367,13386,07915,23105,13387,13801,23609,23328,13803,23377,13382,13802,13383,13841,13840,13843,13842,13845,13844,13847,13846,13849,13848,23608,06749,23657,23569,23568,13928,13929,13926,13927,13924,13925,13922,13923,13920,13921,13319,13318,23638,13317,23592,23288,23289,07925,23593,23165,07922,07921,07920,23280,23281,23282,23283,23284,23285,23286,23287,23460,06958,13914,23463,23464,23465,14114,23467,23468,23469,13913,23597,07954,23266,23267,23264,23265,23262,23263,23260,23261,23139,23300,04550,13974,23305,13937,23268,23269,23567,13869,13147,13912,13931,13903,13930,13371,13228,13384,03287,13933,13380,13381,13932,13227,13389,13863,13909,23415,23414,23417,23416,23411,23410,23413,23412,06415,07959,23419,23418,13971,06008,23279,23099,13910,13821,13970,23278,07022,07023,07020,07021,07912,03047,23304,03290,23566,13523,21486,23531,23636,23093,13916,07913,23092,06317,23583,23602,23115,23095,06251,07937,23094,13977,23137,06009,07900,13972,06547,13955,23648,13963,23523,13961,23525,13967,23558,13965,23640,07905,13968,13969,23132,23133,23130,23131,13351,13350,13353,13352,13355,13354,07091,07090,13359,13358,13293,13294,23295,42241,23345,13595,23294,23559,13459,13456,23293,13454,13455,13871,13453,23405,13598,23002,23003,23000,23001,23006,23007,23004,23005,23428,23008,23290,07916,23429,13791,13795,13797,13796,13799,13798,13872,22529,06170,23183,07272,23228,07270,23187,23186,23185,07274,23635,23634,07279,23188,23631,23630,23224,23632,13819,23297,13873,23420,23421,13957,23067,03002,23423,13067,13816,23062,13874,13066,23134,23063,07956,13065,13979,23459,23357,23354,23355,23352,23353,23350,23351,23451,23450,23453,23452,23455,23454,23457,23456,13070,23144,13875,13328,23068,23112,13370,23069,23141,23565,23271,06997,13814,23270,13876,23660,23113,03055,03054,03053,03052,06426,13069,23564,13068,13815,13877,07050,13377,21071,21070,13451,13001,13000,13002,13812,23292,23079,23078,23073,23072,23071,23070,23077,23076,23075,23074,07065,13413,13410,13411,13416,23480,13414,13415,21075,13418,21076,07057,07056,21073,21072,13375,07007,23462,13495,13520,23561,13823,13810,21086,07237,13853,13850,13851,07233,07940,13854,13855,06739,13858,13859,23560,13817,13919,13918,13811,23578,23579,22917,21210,23574,23575,23572,23573,23570,23571,42188,13394,23563,23172,23173,23170,23171,23176,23177,23174,23175,23178,23179,23119,23562,23253,23252,23318,23319,23257,23256,23255,23254,23312,23313,23310,23311,23316,23317,23314,23315,13985,13980,13981,13982,13983,23381,23380,23383,23382,23385,23384,23387,23386,23389,23388,13231,13236,13235,13852,23581,16527,23192,23580,06733,23406,23407,23404,06398,23402,23403,23401,06461,13856,13478,23624,23408,13857,23625,07231,23193,23089,23622,23623,23097,16007,13946,13479,23621,13047,23397,23151,07019,23649,07016,07015,13806,13519,13822,06061,13820,06044,13954,43384,13426,43432,23533,23109,23108,23536,13959,13958,23103,23102,23101,23100,23107,23106,13951,13950,13342,13343,13340,13341,13346,13347,13344,13345,07088,13348,13911,13469,13468,23138,13463,13917,13460,13467,13466,13465,13464,13388,23136,13915,23039,23038,23037,23036,23035,23034,23033,23032,23031,23030,23217,23216,23215,23214,23213,23259,13788,23219,23218,23587,23586,23585,13473,23198,23199,23628,23629,23194,23195,23196,23197,23190,23191,23589,23588,13647,23613,36403,42179,23118
beet	11735,11087,03098,11605,11734,11736,11082,11081,11080,11609,11086,11084
beetgreen	
beetroot	
bellpepper	
berry	19363,18490,19269,08691,14611,09514,08589,08663,28034,18501,35133,08608,08629,08239,08621,08383,25062,14623,08274,08273,08347,14607,28172,03995,28001,35001
biscuit	21008,21009,16603,21002,21003,21004,21005,21006,21007,18013,18012,18011,18010,18017,18016,18015,18014,18150,21142,18634,18633,08505,18996,18995,18615,03216,18009,21361,21360,21362,21415,16598,03997,21419,18629,08147
blackbean	
blackberry	09042,09043,09048,09046,35015
blackeyedpea	
blackpepper	
blacktea	
bloodorange	
blueberry	08538,18477,18476,19327,18294,25018,16257,09054,28018,28164,08487,18978,18938,18939,35017,18507,44158,08603,18386,09053,03165,18306,18305,03164,08673,09050,08689,09052,09055,18566,09163,18999,08192,08617,35155,18362,18940,43537,28009,28003,09352,09353,18278,18277,18275,18274
bokchoy	
boysenberry	09057,09056
bran	08247,08029,43495,18050,08005,08696,08352,08261,18059,08244,18037,20015,18038,20077,08700,08484,20033,04037,20034,08023,08363,08504,18388,08236,18384,08380,43393,08240,08018,18049,18284,18283,18345,18007,18066,20060,08599,43245,08231,08061,08060
bread	35234,08417,18019,18953,18051,18954,18955,18050,18385,18384,18383,18059,18967,18963,35140,18416,18414,18413,18412,04546,18376,18078,18071,21210,21213,18075,21214,18077,18076,18971,18972,18084,18085,18080,18081,18082,08687,18068,18069,18060,18061,18066,18064,18065,18057,18055,18053,11948,35187,21126,21125,21124,11940,18040,18041,18042,18043,18044,18045,18047,18048,18049,20083,20129,18079,28306,28307,28285,28287,28286,28288,18035,18037,18036,18030,18033,18032,18039,18038,35240,18070,36416,36415,18027,18024,18025,18022,18023,18073,18021,18028,18029,18432
breadfruit	09059,12158,12003,12001
brisket	13975,23659,23658,13367,13950,13368,13369,23448,23449,13346,23595,23596,23401,23613,23634,23615,23632,13023,23403,13803,23399,13485,13165,13904,23660,13804,13805,13808,23451,23450,13807,13806,13372,13371,13370,13597,13596,13595,13343,13983,23402,13055,13347
broccoli	11094,11095,11096,11097,11090,11091,11092,11093,06546,06014,06392,11740,11741,11742,11743,11744,06333,03298,21133,06215,22535,06209,03959,06584,06589,11739,11969
broth	14114,06615,06091,06481,06480,06357,06013,06350,06076,06194,06075,06072,06032,06055,06057,05338,06963,06984,06475,06609,06008,06080,05277,06432,06081,06472,06470,05311,06476,06413,06183,06365,06970,05284
brownie	21027,08667,18196,18614,28298,28117,18632,18152,18151,18154
brownrice	
brusselssprout	
buckwheat	20010,19052,18295,20011,19817,20009,20008
burrito	21065,21064,21340,21069,22918,21063,21066,21264,21068,21265,22917,21067,21266,21267,21062,22928,21060,21061
butter	18155,11381,11385,11387,28059,18215,18421,01145,12171,19150,04656,04657,04651,42291,08012,04601,11379,11373,11372,19896,18418,28225,18985,18989,18988,16098,12588,43214,18378,28290,01002,01003,01001,19701,11934,25007,08682,18186,18189,18188,18185,18187,18612,19161,08221,16397,16150,08634,16399,16155,16156,11948,21128,08351,04602,11940,18190,19910,19086,19113,28256,28257,19294,28095,28098,19409,42139,18201,12088,18121,06264,25026,19102,28301,28265,16167,19027,19026,19021,21023,18239,19241,04501,18231,19249,18234,12198,12540,12195,25014,12695,04585,12698,19420,42148,12166,16097,28074,28110,04573,04572,19252,28293,21019,19880,18541,12040,27059,28100,16398,11393,11392,18120,28208,28271,12169
butterbean	
butternut	11866,12084,06509,11867,11488,11487,11486,03114,11485
cabbage	11503,11119,11110,11113,11112,11115,11114,11117,11116,11873,11970,11120,11109,11755,11754,11753,11752,11751,11750,43144,43143,11749,11504
cake	04548,15142,21046,18453,18092,18451,18090,18097,18096,18095,18116,18117,18114,18112,19819,18110,42204,18134,18135,19816,19817,18156,18131,18119,18142,18957,18954,28168,19051,19052,19053,18420,18086,18087,19036,18133,18088,19818,28296,28297,18651,20084,18139,18121,19800,18127,18126,21305,18102,18141,18140,18128,18144,18146,19419,18120,19416,18419,18418,21307,18101,19413,19414,04586,18271,21306
candyapple	
cantaloupe	09181
caper	02054
caramel	19364,28289,19187,21335,25015,19076,19074,19231,19232,43031,43506,19152,19256,21032,21343,19094,19160,28029,08596,28005,19895,19436,28081
caramelapple	
carrot	11131,18092,11322,11323,43312,11130,03099,11683,11816,11817,11760,42316,06625,03290,11124,11125,11126,11318,11128,03100,11757,11759,11758,11960,11655
cashew	12085,12086,12087,12588,12088,28124,12586,12585
cassava	11134,25050
casserole	
cauliflower	11965,11137,11136,11135,11967,11762,11983,11761,11968,11138
caviar	15012
cayennepepper	
celery	06334,11144,02007,11143,06210,06218,06010,11557,44055,06987,06410,11764
cereal	08249,08243,08240,08247,08245,08244,08649,08648,08647,08646,08645,08643,08642,08641,08640,08159,08018,08019,08544,08017,08014,08015,08012,08013,08010,08011,08157,08635,08493,08491,08494,08495,43570,08598,08160,08161,08164,08165,08047,08168,08169,08388,08389,08386,08387,08384,08383,08380,03996,43495,08290,08113,08116,08578,08614,08615,08616,08617,08610,08611,08599,08613,08597,08596,08595,08594,08593,08592,08591,08590,08206,08204,08202,08200,08575,08574,08577,08576,08478,08573,08476,08579,08471,08189,08180,08182,08183,43544,08500,08501,08050,08504,08057,08506,08507,08508,08509,08058,08059,43393,08542,08543,42265,42261,08376,08370,42285,42284,03205,03201,03197,03194,03195,03192,03193,03190,03191,03198,03199,08696,08505,08054,08122,08691,08692,08693,08658,08659,08651,08652,08653,08654,08655,08656,08657,08539,08538,08029,08028,08531,08020,08025,03704,08629,08628,08252,08625,08156,08627,08621,08259,08444,08449,08435,08436,42236,42237,08231,43245,08268,08267,08261,08263,08262,43241,08588,08589,08663,08662,08665,08667,08666,08669,08668,08582,08583,08584,08586,08587,08218,08210,08211,08214,08215,08216,08409,08567,08562,08560,08561,08402,08568,08569,03690,03693,03694,03696,08104,08105,08106,08107,08100,08101,08102,08103,08067,08066,08065,08064,08061,08060,08314,08316,08319,08318,08085,08084,08087,08081,08083,08082,08089,08363,08365,08366,42297,14237,14236,43218,08138,08702,08703,08700,08701,08706,08707,08704,08705,08045,08683,08682,08681,08680,08687,08686,08685,08684,08689,08688,08130,08133,08132,03965,08148,08220,08225,08639,08637,08634,08143,08144,08633,08146,08147,08452,08453,08450,08451,08351,08353,08352,08355,08354,08459,08034,08035,08037,08030,08031,03712,08038,08039,42240,14421,08221,19134,08661,08660,08277,08274,08272,08273,08270,08271,08228,08142,08672,08673,08670,08671,08676,08677,08674,08675,08632,08678,08679,08145,08631,08553,08550,08554,08005,08410,08411,08001,08417,08003,08002,03689,03682,03681,03686,03685,08481,08484,08487,08489,08488,08078,08173,08172,08177,08071,08073,08074,08077,08305,08309,08096,08094,08092,08093,08090,08091,08390,08393,08288,08286,08284,08698,08699,08128,08129,08694,08695,08124,08697,08690,08123,08120,08121,08023,08609,08608,08236,08603,08602,08239,08605,03711,08463,08462,08348,08349,08032,08469,08346,08347,08192,08191,08537,08194,08513,08512,08511,08046,08049,08048,08069,08068,03211,03210,03212,08549,03185,03184,03187,03186,03181,03189,03188,03956
chard	11147,11148,11765
cheddar	18984,18987,18983,01182,06038,43278,28050,28254,01009,28186,28258,28239,18976,43398,42117,01260,01169,01168,01265,07918,06383,07917,08094,28237,22535,25023,28240,19049,28249,22962,01259,28049,03959,42205,01270,42258
cheese	21486,21487,16603,21507,21007,21273,22930,21271,06930,06353,21085,21086,21087,07211,01061,21279,43379,22537,18953,01189,43278,28051,06211,43273,21071,21064,43276,43275,43274,18225,21117,21262,03304,36061,01161,01260,43340,01266,01265,01188,21345,43589,03046,08094,32022,21078,01146,21075,21074,21077,21076,21260,21261,21073,01018,21080,01253,01252,01251,07218,01015,01014,01017,01016,01011,01010,01259,42192,36053,36052,36051,36050,36611,36056,36055,36054,18984,06014,01156,01157,01186,21473,43597,18987,18986,07040,07940,18983,21106,06720,21475,01023,18988,21474,06411,18995,32017,32016,22919,18355,18927,32019,21065,22910,21505,22996,06038,21278,01008,01009,21462,01007,18972,21461,22918,07234,01182,43299,18241,36049,18245,22247,01168,36040,01013,01159,18996,07033,07032,21116,06584,43405,07920,08449,21147,19444,42205,21327,06215,04539,18103,32004,01012,32006,32007,21057,43020,01039,01038,21512,28244,19049,21511,01033,01032,01031,01030,21053,01036,01035,01034,21290,21293,21292,21295,21294,21299,21242,22901,21235,08450,07236,18215,18214,36613,21239,01024,01025,01026,01027,01020,01021,01022,07252,06392,01185,36060,01028,01029,06546,21104,42235,03090,28256,01227,21329,28258,22976,22970,19057,21283,21286,21287,43398,06011,01228,01229,06384,21224,21225,21383,21131,21132,21133,21134,21385,21384,21301,21300,21272,21305,01190,01191,01192,21476,28303,36017,21255,03089,21254,28265,01005,22960,01215,42153,42155,07917,21022,03048,21082,21021,21253,18233,01037,32005,18230,21307,36409,01042,01043,01040,01041,21148,01044,21252,21145,01048,43352,22959,36003,21020,18965,36009,42258,21277,01165,01164,01167,01166,01208,01209,07016,01204,43396,21061,32014,36609,07918,01019,21504,21014,21013,21012,21011,27053,27052,11555,21243,21240,21241,16598,21360,01169,42304,21068,21411,21410,28139,42303,42117,06208,01006,28049,07245,18434,19434,01271,01270,01004
cheesecake	28076,18148,18147,28077
cheesespread	
cherry	14030,09001,03268,19873,21069,09044,08693,09098,16256,43098,03224,03225,03222,18938,18939,18444,09076,09075,19314,09073,09072,09071,09070,09367,09106,09105,09104,09103,09102,09101,09100,18481,09328,03145,03144,18309,19092,18308,09099,18095,18362,09097,43535,09096,19067,09074,09362,09063,09064,09065,09066,09067,09068,14078
chestnut	12101,12100,12097,12095,12094,12167,12175,12096,12093,12204,12099,12098,12202,12203
chicken	05309,43373,06119,06502,05307,21404,21405,21406,21407,21401,21402,21403,06590,05012,06989,06986,06984,06983,05014,06343,05018,06439,06029,06183,05308,06023,06022,06025,06024,36614,36617,36619,36618,21102,06120,06337,06336,06330,07223,06726,05138,06725,05136,05137,05134,05135,05132,05133,05130,05131,07940,05013,22906,05002,05003,05000,05001,05006,05007,05004,05005,05008,05009,21440,21441,21442,21443,07251,07250,07253,07252,21446,22978,27008,22975,27007,36023,36020,36027,36024,05356,05357,05352,05353,05351,22535,06470,05358,05359,21435,21434,21437,21436,21431,21430,21433,21432,21439,21438,06974,06970,03070,03073,03072,03075,03076,07200,05079,05078,03298,05073,05072,03297,05070,05077,05076,05075,07915,42262,05093,05671,05673,05672,05675,05674,05677,05676,05679,05678,21488,05109,21378,07960,27044,07210,21376,21377,05097,05096,06537,18567,05319,05312,05313,05310,05311,05314,21471,21470,21472,06399,05346,36057,06587,36059,36058,06543,05343,05342,06393,06400,06405,06392,07227,21508,05348,36604,06395,07923,05071,32006,05074,21054,06325,06320,06242,06245,06244,06328,43128,07961,05108,21230,05103,05102,05101,05100,05107,05106,05105,05104,06528,05039,05038,05037,05036,05035,05034,05033,05032,05031,05030,05747,05746,05749,05748,06149,05688,21309,07249,36015,36010,21418,06208,05362,05361,05693,05692,21424,05690,21422,21421,07018,21428,21429,06966,03068,03069,21468,06041,06047,43008,06363,06365,43410,21487,22999,21465,06216,06212,06219,05661,06740,05099,05098,07209,05091,05090,21266,05092,05095,05094,21262,07205,05064,05065,05066,05067,05060,05061,05062,05063,05068,05069,07928,05326,05324,05323,05320,06483,06482,04542,06480,06955,07224,22995,21469,22992,22991,22990,21462,21461,21466,21467,21464,22998,03303,06418,06419,06416,06417,06412,06413,07021,07024,03013,03012,03014,06311,06315,06314,03274,05059,05058,05055,21229,05057,05056,05051,05050,05053,05052,06481,07906,05028,05029,05020,05021,05022,05023,05024,05025,05026,05027,06172,07271,21256,07277,27021,27022,05347,21259,22958,36005,22952,22951,22950,22954,05114,05115,05116,05117,05110,05112,05113,05118,05119,21426,21427,05691,05277,21425,21417,05689,05684,05685,05686,05687,05680,05681,05682,05683,06999,07959,06357,06423,06350,06195,06194,06058,06054,06057,07952,32020,07053,21444,21445,05129,05128,07231,06736,05125,05124,05127,05126,05121,05120,05123,05122,05088,05089,05082,05083,05080,05081,05086,05087,05084,05085,05011,05010,07932,07933,05015,07935,05017,05016,05019,06586,05332,05333,05334,05335,05336,05337,05338,05339,06084,06128,06082,06081,06080,21457,21456,21459,21458,22980,22981,22982,22983,22984,22985,22989,21244,27013,21245,22974,36034,16526,05345,05344,06012,06013,05341,06015,06016,06017,06018,06019,06391,05349,06396,06548,06549,06497,36629,36626,36621,36623,21035,21036,07017,06734,06309,06062,07909,05048,05049,05046,05047,05044,05045,05042,05043,05040,05041,07083,05054,21246,22945,22946,22947,22943,21490,22949,36401
chickpea	16606,16058,16057,16056,16357,16360,16157,16358,16359
chili	16059,21042,11820,06398,21084,21068,21067,11980,21065,21062,22911,11329,02009,06961,06962,43112,11819,06454,16510,21119,21134,06437,16597,22904,21073,21072,11670,22969,02076,36019,06026,06426,06972,36037
chilipepper	
chip	25028,42283,18158,18159,19810,19811,28054,28055,28056,18951,19010,28052,28053,28186,28187,28058,28059,28180,18422,28104,28102,28103,28217,19405,19404,28211,25063,18165,18164,18163,18161,18160,19063,19062,28027,28028,28130,19410,19411,19412,25059,25050,19879,18378,19017,28125,18992,25040,19440,25046,19444,28057,19445,28221,28188,19046,19045,28189,19043,19042,28000,43566,18198,19857,25037,43447,25030,19058,28013,19056,19057,21030,19823,19822,25027,25025,28260,19024,19027,19400,28061,28060,28062,28004,19524,19833,25012,25064,28277,19421,19423,19422,19424,18630,18522,43364,19804,19809,28165,28195,19433,19437,28113,19003,28206,28047,19004
chive	11156,11615,21135
chocolate	18310,18312,19265,19268,18097,18096,18095,42183,18158,18159,14315,18157,28055,28056,18951,19010,16168,28052,28053,28184,28058,18422,28104,28102,28103,08177,19183,01263,19157,19404,43078,19701,18167,18166,18482,18164,18163,19279,18161,18160,19270,18168,43260,19372,42131,14063,08658,19062,25004,28027,14181,28028,08652,14182,44259,18251,19301,19896,28130,19149,19146,28221,28220,19899,19140,19141,28296,28294,01187,19878,19879,19252,18378,28293,01240,19017,01243,19077,19895,42186,42187,19078,42185,14197,14195,19897,16237,19213,28125,28126,43506,18612,25020,18993,28299,14043,19190,19440,25045,25009,18105,28057,18101,43205,19884,16240,19114,19164,25021,19026,28004,28000,28087,01237,01236,18165,42139,42227,42272,44061,08631,18608,19189,19348,18198,18199,19182,19393,19188,19081,19184,19185,18112,16231,19087,19917,19916,19292,19110,01105,01104,01103,01102,28013,01222,28195,43031,21030,19409,19249,16166,44260,18127,19822,19902,19903,14316,14317,16227,19904,19905,01110,19100,19101,14422,14423,19105,18640,08594,08593,28261,28260,19226,08513,08512,19221,19220,19024,19027,19152,28061,28060,28062,19083,19328,19080,19241,19240,19405,19345,28289,19327,25018,25010,25017,19894,25006,43541,28279,28165,19139,08669,28272,19134,19132,28277,42148,42074,19235,19236,18630,28076,14054,44258,18522,01202,19143,19256,28297,19254,19255,25060,28217,19379,19326,19886,19258,19093,14080,14083,19893,28078,18140,08707,08672,21412,18943,28040,19120,19123,19124,19126,19127,28114,28111,28113,14318,28206,28047,01235
chorizo	07019
chow	36624,20113,36623
chutney	
cider	02048
cilantro	06598,11165
cinnamon	08539,18494,18479,18478,08128,08129,08694,02010,08353,08579,08263,28183,18173,18358,18356,18357,08661,08665,08649,08666,28011,08124,08702,08642,18635,28105,18246,18247,18244,28101,08210,08602,08215,08696,18997,08681,21388,08561,08688,08272,08568,18104,18107,18108,08616,18964,08611,08494,28007,08595,28167,28263,08590,18431,18430,08639,18417,08678
citron	
citru	14030,14640,14641,14021,14262,14263
clam	21043,15160,06529,15162,27042,27043,06545,14187,06429,06428,27009,06030,06230,06594,15157,15159,15158,06430,06431,06027,06028,06367,06364,06250
clementine	09433
clove	02011
cobbler	03227,03228,03222
coconut	18313,18314,18316,19322,19323,06618,28289,19324,19325,14090,04661,04646,28054,12114,12115,12116,12117,12118,12119,42272,12176,12177,28218,28079,18524,28212,12179,12110,19219,19191,06624,04659,04551,04047,18102,12104,22985,28197,28309,12109,12108,28132,43100
coconutoil	
cod	04589,15192,15015,15016,15017,15018,15019,15269,15268
coffee	14222,14223,14224,19268,14209,14202,14203,14201,04661,01050,43401,14415,14414,14534,14204,14237,14236,19279,14219,14218,16249,14210,14215,14214,14421
coffeecreamer	
coleslaw	43016,42230,21416,21420,21127,36028,36021,36035,36025
collardgreen	
comestible	
condensedmilk	
confectionary	
cookie	28040,18193,03206,18158,18159,18528,18152,18150,18151,18156,18157,18154,18155,28054,28055,28056,28057,28052,28053,28058,28059,28106,28107,18421,28102,28103,28218,28219,28216,28217,28214,28212,28213,28108,28211,18167,18166,18165,18164,18163,18529,18161,18160,18562,18630,18168,18190,08017,28045,18191,18524,28302,28027,28029,28028,28043,28073,28132,28229,28228,28044,28223,28221,28220,28227,28226,28225,18170,18171,18172,18173,18174,18175,18176,18177,18178,18179,28309,18377,18537,28131,18378,18993,28032,28033,28030,28031,28036,28037,28034,28035,28039,42183,28130,28128,28129,28124,28125,28126,28127,28120,28121,28122,18619,18994,18189,18188,18991,18185,18184,18187,18186,18180,18183,18182,19160,19161,28083,28082,28081,28080,28151,28150,01239,28119,18198,18199,18196,18192,18210,18213,18212,28118,21339,18422,18423,28093,28096,28098,21030,18208,18209,18206,18204,18205,18202,18200,18201,28300,28301,28269,28267,28264,28262,28261,18513,28194,28109,28061,28060,28062,21029,28289,28173,28278,28279,28165,28114,28270,28271,28272,28273,28275,28276,28277,28116,28078,28079,18527,28077,28074,28075,28072,18522,28294,18651,28293,28290,28291,18544,18547,18541,18540,28298,28299,03214,03213,18532,21413,28041,18533,28199,28198,28195,28047,28197,28196,18535,18538,18539,28048,28209,28208,28113,28169,28205,28204,28207,28206,28201,28200,28203,28202
coppa	
cordial	
corianderseed	
corn	08090,06619,42289,35239,08083,03119,03114,16561,16560,18952,11911,11910,11913,11912,11915,11914,11182,11180,11181,11184,08019,08309,08094,08092,08093,18363,08091,03120,14060,11772,11902,19419,35146,08161,11906,11907,08164,08165,11771,11770,11908,19413,35148,18412,43595,19362,04628,08020,11903,08160,35130,11901,35135,35134,08159,19351,19350,11904,06725,11905,11773,11909,03998,11775,11774,18279,35183,19349,21128,44005,21120,22973,06393,14637,11174,11502,19056,11501,04518,18282,18280,18281,11176,03934,08204,20015,20016,20091,20092,20014,14243,43312,20017,20018,20019,04666,11172,28162,11170,20317,20316,20315,20314,08580,11179,11178,11872,11871,08505,08506,35240,08508,36411,18449,11900,11499,19800,18022,43364,11177,11495,11496,11497,11168,11167,19434,08068,11656
cornflake	
cornflour	
cornmeal	35234,20325,20322,20323,20320,20020,20023,20422,20025,20522,20022,35131,20024,35137,35136,20324,36415
cornthin	
cottagecheese	
courgette	
couscou	20029,20028
crab	15142,15143,15140,15141,15227,15226,15144,21046,06034,15139,15138,15137,15136
cracker	28238,28239,18150,03209,18950,28050,28051,28188,28189,28186,28187,28110,18224,18225,18226,18227,18426,18427,18424,18223,18428,18429,18228,18229,36024,18966,18965,18962,18961,18960,28133,36025,28137,28136,28135,28134,42204,28139,28138,18985,18984,18987,18986,18981,18983,18982,18989,18988,28234,18979,28236,28237,18399,18974,18975,18976,18977,36606,36607,36604,36605,18400,36040,36608,36609,18990,18617,28241,28240,28243,28242,28245,28244,28247,28246,28249,28248,28159,28158,28157,18219,18218,18215,18214,18217,18216,18457,18173,18174,28252,28256,28257,28255,28258,28148,28149,28142,28143,28140,28141,28146,28147,28144,28145,21029,18222,18425,28302,28303,36026,28265,28308,28069,28068,28065,28064,28067,28066,18927,28063,28281,28280,28282,18233,18232,18231,18230,18236,18235,18234,28160,28161,28070,28071,28292,28235,28190,18220,18942,18949,28191,18221,18621,28049,18434,28046
cranberry	08703,14431,14430,16320,08544,43382,35030,14242,14243,35029,14038,16020,16021,08627,09078,16019,09079,09081
cream	18314,18090,01068,01069,01067,06195,06214,28188,06056,43276,08641,43274,06988,06987,04028,06340,06341,06342,43268,06101,06182,18969,01017,18962,18961,42116,11906,11907,08168,08169,06736,06483,06487,06401,06453,18373,06334,06337,06336,06333,06339,06338,06216,19219,19191,06001,06416,06410,11772,06210,06219,06243,06246,08225,42136,43450,08574,14130,06010,06218,06016,01186,06053,01180,06312,06253,06318,06256,06955,21135,01199,01053,01052,01055,01054,01056,01193,01194,28170,27034,42158,14415,42157,19228,08575,06446,08577,08576,06443,08573,19322,19323,18237,08578,19324,19325,01049,01050,12115,12116,11174,06968,01205,01206,42141,18304,18303,06456,01074,11497,06043,06201,06046,18328,06209,08104,08105,08106,08107,08100,08101,08102,08103,01178,01179
creamcheese	
crepe	
crust	21484,21485,43595,21480,21482,21483,28111,21273,21272,21271,21277,21276,21275,21274,18332,18333,21279,21278,18336,18334,18335,21505,21512,18399,18446,21496,21282,21283,21280,21281,21286,21287,21284,21285,18401,21288,21289,28112,21224,21225,21226,21227,21296,21303,21302,21301,21300,21304,21493,21492,21491,22903,21497,18402,21495,21494,21479,21478,18943,18942,18945,18947,21511,28266,21473,18946,21475,21474,21477,21476,21291,21290,21293,21292,21295,21294,21297,18948,21299,21298,21498
cucumber	11948,11946,11947,11940,11941,11205,11206,11937,35070
cuminseed	
cupcake	
curd	43299,01014,01012
currant	09084,09085,09083
curry	02015,06624,22989
custard	18316,18969,18317,19094,19168,19205,19187,19169,19231,19232,19170,03246,03245
dailybread	
dandeliongreen	
danishpastry	
date	18527,09087,42265,09421,08228
dill	11937,11947,02016,02017,02045
dip	27053,27052,27054
dough	18013,18012,18338,18358,18015,18014,18357,28165,18635,18634,18633,18631,18630,18164,18163,18188,18206,18187,18205,18183,18182,18629,18017
dragonfruit	
dressing	04027,21056,04114,04026,21349,43598,04686,04018,43215,43019,01058,04144,04013,04133,04640,04135,04641,04689,04688,43017,43016,43015,04011,42230,04016,04635,04141,43331,04367,04142,04145,42137,42140,04143,04638,21347,21346,04025,04023,04022,04021,04020,04017,04639,04029,04028,04706,04704,04705,04539,04703,21053,21052,04146,21057,42153,21055,21054,04014,43329,42171,42193,42192,42158,42116,04636,04015,04120,43020,43021,42157
driedfruit	
driedpea	
duckfat	
durian	09422
edamcheese	
eggplant	11209,11210,43146,11783
egg	16603,21002,08411,21004,21005,21006,21007,03201,03197,35039,18317,03198,03199,01141,01140,01144,21003,20510,18368,18003,01255,01258,21104,21357,21359,19205,35040,20111,20110,20112,01129,01128,36601,18400,01123,19170,01125,01124,01127,01126,18996,18995,21117,21327,18344,21053,21329,19168,19169,01138,01139,01132,01133,01130,01131,01136,01137,01134,43285,21022,18218,20109,20409,22971,27000,01226,21383,35041,19333,21385,21307,21305,20410,01210,20098,21021,20097,20310,22953,22955,22954,01160,35158,21018,21014,21013,21012,21011,18027,18023,16598,21360,21362,18028,21411,21410,01172,01173,01171,01135
elderberry	09088
endive	11213
erythritolgranule	
favaban	
fennel	11957,02018
fig	18170,09089,09095,09094,09091,09090,09093,09092
fillet	21102,43134,36029,05623,21244,21047,36033,05625,05624
flan	19094,19231,19232,19187
flax	08560,28041,04673,08656
flaxseed	04707,08700,42231,12220
flour	19814,19812,19813,20070,18958,12170,05017,18364,12060,05093,05068,16099,16417,16416,05086,16418,18970,05050,20629,20628,20624,20623,18616,12008,12007,20024,05003,20581,05008,16157,19857,20630,05102,20481,18450,20634,20635,20636,21120,20132,20131,20130,12033,12032,16055,05036,05031,05059,20086,16100,20083,20082,20081,20080,20649,20648,20645,18945,20647,20646,20641,20640,16415,20324,20063,20090,20011,20016,20017,20018,20019,20650,18930,20316,20315,08580,18443,20084,20381,18301,05077,20129,12041,19804,20317,07076,18931,20065,20064,11413,20061,18947,16115,16116,16117,20003,16118
frenchfry	
fritter	
fructose	14060,44018,43216
fruitjuice	
garbanzobean	
garlic	18982,28160,06239,22990,06235,06236,06237,06339,28140,28145,06601,28247,22945,11215,16611,16610,02020,06222,06226,06225,06229,18963,06995,28063
gelatin	06489,19704,19702,19703,19173,19172,19177,19176,19175
ghee	
ginger	18562,11216,14136,02021
gingerale	
gooseberry	09107,09109
goudacheese	
granola	08284,08277,21381,28002,28001,08587,08218,08220,08037,08189,08054,21463,18260,18261,08627,25036
grapefruit	09118,09404,09119,14334,09121,09120,09123,09111,09125,09124,09126,09128,09112,09113,09114,09116,09117
grape	14030,03265,19873,14282,09512,09432,09431,09099,09098,09129,09097,09096,44074,09101,09100,11975,11974,14277,14142,28176,09132,09133,09130,09131,09134,09135,09444,09443
gravy	06959,06958,08444,16505,16504,06957,06119,06118,06115,06114,06116,06317,06330,06332,06319,06318,22957,06985,06124,06125,06126,06127,06120,06121,06122,06123,06331,06326,06327,06324,06325,06322,06323,06320,06321,06328,06329,06977,06999,06998,06997,06996,05286
greekyoghurt	
greenbean	
greenpea	
green	42286,11825,11822,11308,11052,11053,11054,11782,11980,11304,14070,11306,14072,11853,09148,11184,11270,11271,11272,11273,11577,11576,11575,11574,11570,11670,06220,11056,11800,11568,11569,11207,11208,09415,14071,93600,11305,11736,11731,11087,11086,11892,11893,06249,11292,11450,11451,31015,03093,03092,03091,03096,11152,11891,11814,11811,11812,11813,16085,11333,11335,11334,11337,11339,11338,11061,11060,11063,11062,11537,09132,09508,43387,11634,09195,06449,11527,43312,11329,43017,09515,11726,06962,11723,11729,06600,11557,11313,11312,11311,11310,11799,06049,06361,11253,11965,11967,09446,11968
greentea	
grub	
guacamole	21088
guava	18959,09143,09435,09140,09325,03160,09139,14613
gyro	
halibut	15038,15196,35188,15036,15037,35149
ham	21008,03289,21004,10011,07211,07213,07212,07215,07214,07217,07216,10185,10184,10899,06190,10183,10182,10893,10892,10891,10890,06050,06051,10895,10894,10955,10884,10885,10886,10887,10880,10881,10882,10883,10888,10889,10804,10802,10134,08444,06738,10136,10137,06730,06037,10879,10878,10871,10870,10873,10872,10875,10874,10877,10876,07031,07030,07033,07032,21116,21117,06728,03304,10138,06007,06414,21057,06193,43325,43327,43326,10905,10904,10907,10906,10901,10900,10903,10902,10909,10908,10865,10141,10140,10142,07026,07027,08450,10146,10149,07028,07029,10851,10916,10917,10914,10915,10912,10913,10910,10911,42128,10918,10919,10152,10153,10150,06380,07938,03008,03009,10019,10018,10013,10012,22537,10010,10017,10016,10015,10014,22962,10923,10922,10921,10920,10927,10926,10925,10924,10929,10928,07908,10167,10166,10008,10009,07906,07080,07276,07275,10868,10869,10938,10939,10934,10935,10936,10937,10931,10932,10933,03062,06451,03061,05600,06459,21013,07264,21099,10866,10867,06433
hamburger	21107,18641,21109,21108,21389,21239,21250,18350,18351,18352,21112,21113,21110,21111,11958,21114,21115,21228,21242,21240,21241,21202,21390,21393
hardcheese	
hash	22908,31028,11393,11392,11391,11390,31022,31021,21387,11370,36039,21026,21319,21144,36030
hazelnut	35233,08689,19125,16262,12121,12120,12122,04532
herb	28160,06337,06387,35078,14381,14545,28191,16558,22946,22947,11555,06235,28140,22948,28145
honey	18173,08243,18974,08476,03704,08085,04686,08081,07088,08045,21316,07215,07258,08613,08481,28019,08662,08665,03193,08645,28274,08643,08218,08057,08054,08389,07938,08071,08675,28070,08549,08560,08684,25008,19296,08309,04706,07209,04703,08211,08676,03693,03696,08614,42240,08670,08491,08610,08674,28302,08598,43570,08651,18964,08654,08655,08615,18255,08561,18436,08387,12206,08633,28157
honeydew	09184
horseradish	02055
hotdog	21118,21119,21120,18350,18351,18352
hotsauce	
hummu	16158,16137
ice	19281,19280,19283,14423,19217,28179,19387,19873,43514,14137,18522,14601
iceberglettuce	
icecream	19260,19270,19265,19089,19088,19878,19879,21333,19894,28178,19876,19877,19875,01240,01241,01242,01243,19114,28182,01237,28180,28181,01236,19882,01263,42074,43506,19881,01264,35225,43541,28179,19883,19095,19096,19880,19090,19271,19884,04659,43269,19867,21413,21412,01239,01238,19899,35001,19895,35003,28084,21028,19893,19898,18272,18271
icedtea	
jackfruit	09420,09144
jalapeno	11979,16204,31014,11632
jam	19719,43028,19297
jelly	19300,44110,19106,18256
jicama	11604,11898,11603
jimmy	
jordanalmond	
juice	19263,09383,14341,10883,09154,11540,07212,14262,14263,43404,09213,19856,09097,10893,10892,10891,10890,43408,18423,09206,09207,09072,14038,09209,09017,09016,14427,09018,10884,31010,10882,11578,43346,14064,31011,10873,14187,09273,09275,09274,03268,42119,09002,18175,14114,14119,14327,14619,11886,11885,42270,14615,14614,14617,14616,14611,14610,14613,14612,09411,09410,10924,09268,10875,10874,10876,31008,14042,31005,31007,31006,31001,31002,14334,14608,14609,14607,14238,03169,09400,09404,09409,09024,43450,14282,10904,10901,10900,10903,10902,09254,14651,09238,31018,31016,31017,31012,31013,09233,09232,09135,14633,14636,14635,03171,14431,14430,09439,09120,09123,11585,09125,09124,09126,09128,44074,09211,09210,14620,14621,14622,14623,03167,09217,09223,09221,09294,09215,09214,14426,43535,42120,11531,10923,43382,09130,09508,10927,10926,10925,42266,10928,09507,09506,14618,03178,03179,09219,03265,03267,03170,09043,03172,03173,03174,03175,03176,03177,03269,14242,14243,14240,14241,03001,09514,09515,09516,09517,09510,09511,09512,09513,03168,03166,09103,09452,14646,14647,14645,14648,09153,09161,09160,09152,43365,09282,42267,14405,14406,09354,09444,09442,09443,11655
julienne	
kale	11792,11791,11790,11623,11622,11233,11234,11235,11236
kebab	
ketchup	
kettle	
kettlecorn	
kidneybean	
kiwi	14618,14609
kiwifruit	09148,09445
kohlrabi	11793,11241,11242
kumquat	09149
lamb	17040,17009,17405,17404,17001,17003,17002,17005,17407,17007,17006,17258,17043,17406,17259,17401,17400,17367,17292,17403,17402,17211,17391,17362,17399,17319,17018,17019,17409,17408,17318,17012,17013,17010,17011,17016,17017,17014,17015,17045,17390,17044,17363,17047,17081,17080,17083,17082,17085,17084,17087,17086,17247,17246,17245,17244,17243,17369,17241,17240,17027,17026,17025,17024,17229,17228,17021,17020,17225,17224,17227,17042,17221,17220,17029,17028,17388,17389,17418,17419,17382,17383,17380,17381,17386,03011,17384,17385,17364,17392,17288,17238,17365,17049,17239,17366,17004,17311,17310,17313,17312,17315,17314,17317,17316,17250,17251,17252,17253,17254,17255,17256,17257,17030,17031,17032,17033,17034,17249,17036,17037,17038,17039,17234,17248,17232,17233,17230,17231,17293,17423,17422,17421,17420,17394,17413,17008,17368,17242,17302,17360,17300,17301,17361,17307,17304,17305,17308,17309,17397,17209,17201,17200,17236,17206,17205,17283,17282,17281,17280,17287,17286,17285,17284,17023,17289,03010,17046,17048,17022,17035,17299,17237,17306,17396,17226,17359,17358,17355,17354,17357,17356,17353,17056,17057,17054,17055,17052,17053,17050,17051,17294,17295,17296,17297,17290,17291,17058,17059,17235,17062,17328,17329,17320,17321,17322,17323,17324,17325,17326,17327,17395,17064,17063,17416,17061,17060,17067,17066,17065,17417,17069,17068,17414,17415,17303,17412,17387,17214,17215,17210,17410,17199,17196,17195,17411,17192,17191,17379,17378,03066,03067,17373,17372,17371,17370,17377,17376,17375,17374,17393,17078,17079,17074,17075,17076,17077,17070,17071,17072,17073,17041,17398,11794,17261,17260,17263,17262,17265,17264,17298,17185,17186,17187
lard	04549,35185,04606,04544,35142,04002
lasagna	22977,03043,22956,36041,32010,32017,22916,32019,16594,22915,36042,22910
leek	11247,11246,11795,11624
legume	
lemon	18175,07943,19204,14137,36617,01184,10854,28037,18423,14475,18433,11972,14476,18445,18246,18529,01221,28214,19708,19331,19330,19333,19332,22947,18321,18320,09154,09156,09150,09152,09153,28227
lemonade	14543,14542,14293,14292,14287,28150,14288,28202
lentil	11249,11248,27032,16070,06037,06620,16144,16370,16069,11926
lettuce	21486,21487,21230,21126,21125,21124,21082,21210,21213,21214,21462,21461,36060,36061,21490,21260,21261,21262,11257,11252,11253,11250,11251
licorice	
limabean	
lime	06601,19280,09161,09160,09159,16258,27029
litchi	09165,09164
liver	35068,07040,07041,17203,17202,35047,17200,17204,13325,13326,13327,23424,23425,35083,04589,35060,35013,10110,35072,05150,05178,10111,17201,05177,05661,35226,17199,07014,35051,07208,07053,35023,07207,07055,07054,35088,17368,05028,05282,05143,17369,05027
loaf	07020,07021,07940,07001,07222,23480,07211,07223,23576,07062,07060,07061,18631,23571,07221,23475,07032,07224,07058,23581,07051,23566,23561,07056,13495
lobster	15148,15228,15154,15147
loquat	09174
lox	15179
lunchmeat	
lychee	
macadamianut	
macadamiaoil	
macaroni	20099,07940,20302,32014,32004,20400,32016,22919,20107,22402,22959,03090,36009,22970,22247,36040,20499,36609,03048,03044,03045,36003,32008,20108,20106,32005,20105,20102,20100,20101,36017,03089,20301,22960,36613,43432
macaroon	28205,18524,28309
maize	08648
malt	19352,28053,14083,14305,14315,14309,20131
mandarinorange	
mango	22980,03140,22979,14620,09436,09176,14086,14614,09507
maplesyrup	
margarine	04629,04628,04630,04684,04683,04668,04665,18019,04073,11383,22999,11930,04618,18165,19371,18208,19372,04610,04611,04617,04691,04692,18023,04696,32021,21363,21365,32001,32003,11371,22960,11929,11844,11843
marionberry	
marmalade	19303
marshmallow	
mashedpotato	
mayonnaise	21356,21230,21389,43598,04018,04013,04641,04011,43355,04689,21462,21461,04027,04026,04025,04029,04028,04145,04708,43329,42178,21397,21390,42138,21399
meat	35230,05309,05308,10109,10105,10104,10107,10106,10101,10100,10103,10102,05011,05010,10097,10096,05154,07044,07045,07046,07042,17221,17220,17223,17222,05307,07950,05139,35056,05134,35055,05132,05133,05130,05131,22900,13339,13338,13333,13332,13331,13330,13337,13335,13334,05002,05003,05000,05001,05006,05007,05004,05005,05008,05009,05734,05735,05736,05737,05730,05732,05733,04606,05738,05739,23480,23481,21440,21441,05181,05180,05187,21445,05185,05184,05220,05188,05227,23569,22975,22974,22977,21459,05724,16106,05357,05354,05352,05351,05358,05359,21435,21434,21437,21436,21431,21430,21433,21432,10099,10098,21439,21438,06977,17348,17346,17347,17344,17345,17342,17343,17340,17341,43390,43391,05079,05078,35161,05073,05072,05071,05070,05077,05076,05075,05074,07079,05099,05098,17188,17189,17267,17269,17268,17182,17183,17184,17185,17186,17187,05671,05672,42280,05677,05676,05679,05678,35069,17166,17167,17164,17165,17162,17163,17160,17161,22939,05093,17169,22929,23561,05117,23560,12176,12177,35011,23563,05179,12179,23477,23476,23475,23474,23473,23472,23558,23479,23478,05318,05319,05709,05708,10118,10119,05705,05704,05310,05706,05316,05700,05703,05702,21471,21470,21472,05119,07971,05111,22401,13498,36602,10876,05062,05063,05092,03021,13496,05069,13494,13495,07963,07962,05109,23557,07964,05103,05102,05101,05100,05107,05106,05105,05104,13324,13325,13326,13327,13320,13321,13322,13323,13328,13329,05039,05038,05037,05036,05035,21289,05033,05032,05031,05030,05741,05740,05215,05742,05745,05744,05747,05746,05749,05748,05219,21304,05194,05195,05196,05190,05191,05192,05193,05034,05216,05743,05363,05362,05361,03007,05717,05714,05693,05692,05691,05690,05697,05696,05695,05694,23577,03003,21428,23574,17180,17181,23575,05044,43417,05228,17153,17152,17151,17150,17157,17156,05091,05090,17159,17158,05095,05094,05097,05096,13319,13318,05064,05065,05066,05067,05060,05061,05149,05148,05147,05146,05145,05144,05068,05142,05141,05140,22937,35211,05718,05719,05716,10122,10121,05715,05712,05713,05710,05711,21469,21466,21467,21464,21465,05136,13497,36046,36041,05135,10114,36632,36631,36630,10863,17209,17208,17203,17202,17201,17200,17207,17206,17205,17204,03013,03012,03011,03010,03017,03016,03015,03014,17339,17338,17337,17336,17335,17334,17333,17332,17331,17330,05059,05058,21226,21227,23640,35162,05057,05056,05051,35170,05053,05052,13353,35160,07906,12104,23559,07082,12109,12108,05029,05200,07273,07271,07277,07276,35081,35082,23568,10112,05114,35075,35008,05110,35071,05112,05113,05296,05295,05294,05293,35079,10113,21426,21427,35229,05277,21425,10110,05688,05689,05687,05680,05681,05682,05683,23565,10111,03051,03050,10116,23564,10117,05707,05055,10115,17215,05701,05317,23567,05314,05315,05054,17211,17212,17213,23566,06223,05183,17194,05182,17218,21442,17219,21443,05186,05129,21446,05125,05124,35046,05121,05120,05123,05122,05088,05089,23578,23579,17144,17145,17146,05081,23572,05087,23570,05085,05118,05158,05159,05013,05012,05014,05151,05152,05153,35034,05155,05156,05157,05334,05336,05337,05338,05339,23562,21457,21456,05729,05728,05723,05722,05721,05720,05727,05726,05725,21458,36037,07269,23581,22915,23580,05345,05347,05346,05341,05343,05342,35049,05349,05348,22914,36624,36625,03005,05126,21035,03002,21036,07017,07949,05082,03008,03009,05083,05108,07909,07908,05048,05049,05046,35164,05045,05042,05043,05040,05041,07080,23576,13340,13341,22916,05080,12110,17147,12114,12115,12117,12118,05086,23573,17214,35175,17216,17217,17210,05084,17199,17198,17197,17196,17195,23571,17193,17192,17191,17190,05600,35007,10173,10174,10175,05050,17175,17174,17177,17176,17171,17170,17173,17172,17179,17178,05161,05160,05162,05165,05167,05166,35009,05168,05284,05285
meatball	43132,16602,22966,06228,22963,07972,22961,36038,22940,22942,36032,22912
meatloaf	43137
melon	09185,09184,09183,09181,11594,35132,11593,11895,09451
meringue	18321,18320
milk	14177,14557,03689,01060,01087,03681,03686,06359,06358,11380,11381,03965,11383,11385,06210,11387,12176,25020,18223,19157,19319,19152,14351,19279,42290,01081,04028,11934,11379,11378,14182,11371,01095,01094,01097,01096,01091,01090,01093,01092,01154,01155,01089,01151,18396,01153,19209,19208,19203,19205,19204,19207,03704,03682,18071,18073,14054,01244,42189,42185,06230,19896,01086,19212,01084,01085,01082,01083,01080,19213,19170,01088,11930,19199,06216,19219,07037,14043,19191,19190,01214,19195,11382,19214,25009,19146,06249,06248,06243,06211,01037,18024,06246,01235,11929,42131,01231,01152,18278,14016,42139,19141,18273,19189,14036,19185,01077,01026,01027,01076,01187,01184,01028,03693,14634,01107,01106,01105,01104,01103,01102,06253,06256,01109,01108,18269,01224,01222,01223,03712,01221,03711,19331,14318,01059,14316,14310,14311,14312,01110,01111,01116,14421,01118,22960,01212,01211,19223,19221,08510,19024,19026,19323,19321,19249,19325,14245,43543,12117,12118,19134,19132,19231,19232,19236,01202,01230,19256,19254,01036,19252,43369,14558,19093,14169,14083,18023,01079,01078,03685,03690,07077,07076,03694,01071,03696,21412,06201,19120,19121,19122,19123,19126,19127,01174,01175,18282,03956,11657
milkshake	28182,43078,28193,28181
millet	20032,20647,20031,43483
mincemeat	
mint	19879,28035,18991,28093,28078,28097,28223,28099,28120,19153
miso	16112
mochi	
molass	
molesauce	
mozzarella	42304,43597,36004,36012,28246,36008,22963,22961,01026,01027,01161,01271,36611,01028,01029
muesli	
mushroom	06444,06443,06442,11267,06487,06231,11240,06547,06355,11989,11265,11987,06121,11239,11269,11268,21500,11263,11261,11260,06339,06338,11243,11264,11939,06968,06549,16552,06726,06147,06122,06042,06149,11266,11950,11551,11998,06220,06003,32023,06457,06182,11993,11992,06438,06988,06043,11238,06221,11798,06322,06224,06240,06229,06044,11797,06214,27013,27034,06232,06243,06978
mussel	15164,15165
mustard	02046,11274,11799,11272,04686,11801,11800,11271,04583,04706,43144,11270,04703,11275,11273,11983,21316,02024,21313
mustardgreen	
mustardseed	
mutton	04606,35144,35145,35146,35141,35143,04520
navybean	
nectar	09403,09036,09229,09437,09436,09435,09434,09262,09408,09251,09407
nectarine	09191
noodle	03075,06405,27022,03076,03079,06482,06350,06461,03081,43373,32016,27044,32014,06018,06019,06409,20116,06465,20409,06395,20112,20310,06212,06314,27007,20110,06009,06528,20111,06497,03287,20113,06966,06989,36624,20115,20134,06982,06983,06145,03068,03069,06128,03047,06986,06343,06419,20109,20114,20510,20410,20133,06061,06062,06363,06244,27035,06365,06583,06587,20117,06585,16082,20118
nosh	
nut	19101,08243,08081,12078,12077,04646,12071,07930,08646,08645,12176,12177,12175,19406,12179,42297,35207,08491,12060,12061,12062,12063,12065,19866,19062,19104,12665,12151,12143,19301,12140,12147,12145,12144,12149,19367,25053,12588,12586,12585,01240,12142,12652,12095,12094,12097,12096,18247,12093,12154,12155,12156,43506,12099,12098,12152,25048,18994,08684,35052,35053,12644,12117,12643,12129,12128,12084,12085,12121,12120,12122,12088,12738,12632,12635,12637,12638,12737,12563,12565,12567,12138,12132,12130,12131,12137,12135,43031,19822,08614,08615,12104,12101,12100,08592,12109,12108,08045,08261,12059,12058,12195,25015,12110,12086,12695,12114,12115,12116,12087,12118,12119,08057,25006,25008,28159,08670,08676,43245,12167,12127,12204,12206,28158,12200,12202,12203
nutmeg	02025,04572
oatmeal	08249,08691,18051,08694,18179,08410,08411,08690,08417,08692,08693,18377,03689,25039,28276,08200,18039,28278,28057,03192,03193,03190,03191,08124,08642,08641,08640,28091,18200,08252,28219,18527,18178,08214,08215,28109,18040,08687,08686,08568,18184,08689,08688,18180,18183,18182,03205,28216,08245,03690,03693,08569,28041,28040,28300,28269,28072,28264,03189,18538,18513,08130,28048,08225,08436,08639,28151,08228,28207,18533,08632,08202,28203,18537
oat	08538,43495,08451,08023,08353,08352,08122,08123,08120,08121,08240,18037,14450,20132,42236,08180,18038,28019,20038,08662,04588,08128,20033,08129,20034,08218,08231,08236,08054,08210,08387,18050,08680,08685,18049,08402,25008,25045,08133,08132,18283,18345,08637,08665,18007,42240,08611,08674,08613,43570,08675,08654,08655,08049,43100,08633
offal	
oil	19710,42289,01068,04513,04648,01060,04642,19810,04646,04645,04644,43566,32021,15088,35014,04654,04026,04656,04657,04650,04651,04652,04653,04658,04659,04707,12637,15119,04700,04701,35084,04145,04146,12065,04708,12665,12538,04055,12144,04053,04030,04549,04034,04624,04037,04629,04541,04543,04544,04545,35042,04643,04135,12586,15185,15183,01003,19705,19706,42116,01067,19708,04633,04631,04634,35057,11956,12644,04044,04047,04042,04534,04536,04531,04530,04532,04128,04693,12086,42256,15124,04620,44005,12738,04685,04684,04683,15002,04528,04529,12638,04058,12737,12038,42231,12565,12567,04038,12138,28149,04628,12137,21138,31022,04612,04613,04614,04690,04060,04694,04697,01059,04699,04511,04510,04517,04516,04515,04514,04593,04592,04591,04590,04594,42158,42157,04506,04501,04502,35164,04669,04668,04665,04664,04661,04660,04663,04662,04588,04589,04584,04585,25026,04581,04582,04583,01076,35087,25014,04573,04572,35156,04678,04679,35092,04677,19809,04673,04670,04698,11391,35001,04518,04702
okra	11803,11804,11281,11280,11278,11279
oleo	
oliveoil	
olive	09193,09194,09195,07223,44005,36042,36631,28149,36047,36054,07051,36058,04708,04053
omelet	01130
onion	06446,06995,18603,06094,11806,11805,11295,06354,11326,11327,11324,36026,11983,36022,11289,02026,28188,21509,18406,18408,11288,06438,18400,11283,11282,11818,11284,11287,18407,06123,21130,11807,06340,36031,11553,11557,25022,18001,18002,06494,06222,11291,06046,06045,11285,06246,06998,28135,11292,11293,11290,11286,11296,11294,36036
orange	03178,09219,09218,14341,09213,03172,03173,03174,03175,03176,03177,14327,14323,14450,14615,19873,03226,14150,14436,03711,42270,09205,09206,09207,09200,09201,09202,09203,09209,36629,09210,19097,09220,09216,03211,09215,09383,43346,14064,09214,09211,14426,14427,15073,28170,11695,15232,19303,09452,09506
oregano	02027
oyster	15168,15169,23464,28282,06176,21048,05652,05651,06448,23428,23429,23440,05631,11987,15245,15244,15246,18426,18425,18228,15171,15170,15167,06248,06048,15231,11437
pancake	19360,18499,18295,18294,18297,18291,18290,18293,18292,18299,19113,28259,18300,18936,19720,18288,18289,19128,28305,11672,19129,28006,28005,28004,28003,18390
pancetta	
papaya	09228,09229,09226,03162,09325,03160
parsley	02029,11297,11625
parsnip	11298,11299,11808
pasta	20098,06932,06931,06734,03077,20091,20092,20093,20094,20095,20096,20097,06357,06400,32017,27021,22914,22522,22994,06239,06234,06235,06236,06237,06231,06232,06233,22944,22945,32008,32009,22943,22901,21055,22987,06223,06222,06221,06220,22984,06226,06225,06224,27033,06240,06229,06228,06976,32010,36057,06995,06994,36059,36058
pastry	18497,18494,18479,18478,18490,28182,18477,18476,18211,28193,04665,28192,18337,28163,28164,28165,28167,28168,28169,18959,18938,18939,28180,28181,18246,18247,18244,18245,18481,18482,18486,18487,18488,18489,18361,18362,28177,28176,28175,28174,28173,28172,28171,28170,28179,28178,18431,18430,18433,18435,04655
pate	07053,05282,07942,07055,07054
patty	21101,05670,16607,07967,16601,07965,10146,07901,21108,16608,23559,07907,22118,16587,21202,21111,23578,23579,21092,21089,23574,23573,16588,05664,43137,21100,21400,16557,07063,21109,07064,21397,23563,28097,21390,07953,05292,21107,21112,21113,21110,23474,23473,05667,21114,21115,23507,23506,21026,23503,23501,23478,05324,21096,16551,21094,23569,23479,21091,21090,22122,23564,35172,21099,21098,21097,05323,21410,42173,13496,13317,21389,23558,13497,21095,21395,21396,16593,07966,21393,21093,21398,21399,23568
pattypansquash	
pawpaw	
peach	03130,03131,09239,09237,09236,08692,09097,03228,03229,16255,14614,03227,09238,09438,09432,09431,09248,09099,09098,09240,09106,09105,09104,09103,09245,09101,09100,14620,03168,03161,03230,14086,09241,18323,09242,43536,09096,09407,09244,09102,09246,09370,09243,09247,09251,09250
peaflour	
peanutbutter	
peanut	06618,28059,44005,28100,19150,42139,42291,08012,18215,19896,19148,19147,19140,18985,25053,18988,16099,16098,12638,16091,16090,16093,16092,16095,16094,16097,16096,16149,16389,08682,18186,18189,18188,18185,18187,18612,16088,16397,04042,16087,19161,14632,16392,16390,16089,16396,28082,16394,16150,08634,16399,16155,16156,08351,18190,12738,21337,12635,12637,19910,12737,28256,28257,12138,28095,28098,12137,12135,16167,18989,16100,18201,25020,19102,28301,19105,28265,19027,19026,19021,19086,18231,19249,18234,19420,42148,19038,19039,28208,25004,25007,19252,28290,18541,27059,16398,28225,19126,28110
peapod	
pear	03132,03133,03158,03159,09444,09413,09412,09415,09414,09439,43408,09432,09431,09262,09340,09260,09261,09099,09098,09106,09105,09104,09103,09102,09101,09100,03141,03163,35199,35198,09287,09097,43544,09096,09253,09408,09259,09258,09257,09256,09255,09254,09374,09252,09440
pea	06730,11809,11324,11311,06738,06449,11308,11323,11326,11327,43312,11316,11300,11301,11302,11303,11304,11305,11306,42279,06193,06192,16086,06050,06051,11814,11815,11816,11817,11810,11811,11812,11813,16085,11818,06965,06451,06380,06459,16101,16386,06623,16402,11318,11317,03122,03121,11313,11312,16102,11310,06249,11322,06049,06361
pecan	08554,12643,18193,08702,28159,08646,28128,28129,28125,28127,19880,12644,08602,18325,18324,28028,42265,08655,42261,12143,12142,12144,28221,28226
pecannut	
pepper	06237,11337,07943,11825,11824,31014,11821,11820,11823,11822,21068,11982,21067,11980,11329,21062,14151,21065,14537,06961,06962,21073,11917,11916,11919,11918,11819,11931,06168,06169,11979,11978,11184,11951,11977,11976,11333,11335,11334,11557,11339,11338,14143,21072,11670,06220,02032,02030,02031,28248,27030,11981,11962,11634,11921,11632
peppermint	19091,02064
pepperoni	21485,21148,21275,21274,21146,07278,21280,21281,21284,21288,21303,21302,21492,21491,22903,07057,21478,21477,21476,21291,21297,21296
persimmon	09263,09264,09265
pickle	04030,07224,11958,11948,11946,11947,11944,11945,11940,11941,07058,11937,11983
pie	18310,18312,18313,18314,18316,18317,18319,18090,22906,43098,22528,22529,18332,18333,18336,18334,18335,18444,18445,18446,19314,19312,18443,18401,18402,11426,18306,18305,18304,18303,18302,18301,44158,18309,18308,21324,18942,28171,18321,18320,18323,18322,18325,18324,18327,18326,18943,02035,18945,18944,18947,18946,18948,18399,28111,28266,28112,18328
pilaf	22988,32002,32003
pineapple	19366,03150,03151,03156,03157,14341,03158,03159,03177,09098,14615,18119,09510,09097,09430,09266,09267,09106,09268,09104,09103,09102,09101,09100,09096,09325,03233,09099,09105,09429,09269,09409,14334,09271,09270,09273,09272,09275,09274,09354,09452
pinenut	
pintobean	
pitabread	
pizza	21484,21485,06152,21480,21482,21483,28002,21273,32012,21271,21277,21276,21275,21274,21145,21279,21278,21499,21147,21505,21504,21146,21501,21500,21503,21282,21283,21280,21281,21286,21287,21284,21285,21149,21288,21289,16554,28001,21224,21225,21226,21227,21303,21302,21301,21515,21304,21493,21492,21491,22903,21497,21496,21495,21494,21479,21478,21514,28242,21512,21513,21272,21473,21511,21475,21474,21477,21476,21291,21290,21293,21292,21295,21294,21297,21296,21299,21298,21300,21498,21148
plum	03134,03135,09284,35206,09379,03170,03293,09293,09292,09291,09285,09279,06151,09281,09282,09283
poached	01131
polenta	
pomegranate	14031,09286,09442
pomelo	
popcorn	21422,25001,43572,42259,19040,25026,04648,19807,19806,19038,19039,19036,19436,19034,19035,25000,25014
popover	18447,18339
popsicle	19873,19856
pork	35237,10109,10105,10104,43378,10106,10101,10100,10103,10102,10899,10898,16065,10893,10892,10891,10890,10895,10894,19408,10206,10207,10204,10205,10202,10203,10200,10201,10208,10209,10196,10197,10194,10195,10192,10193,10961,10960,10198,10199,43297,10804,10805,10802,10803,10134,07040,07041,32013,10107,07957,07223,07952,07225,07227,07959,10141,10140,10142,10146,10149,10007,10028,10029,10026,10027,10024,10025,10022,10023,10020,10021,10169,10168,22972,42129,10163,10093,10097,10096,10094,10099,10098,07008,07001,07002,07003,07004,07006,18637,10938,10939,10934,10935,10936,10937,10931,10932,10933,07918,07913,07916,07917,07078,07075,07074,07077,07076,07071,07073,07072,10062,10063,10060,10061,10066,10067,10064,10065,10068,10069,10884,10885,10886,10887,10880,10881,10882,10883,10116,10117,10114,10115,10888,10889,10110,10962,06404,10972,10973,10974,10975,10976,10977,10978,10979,10879,10878,10871,10870,10873,10872,10875,10874,10877,10876,07034,07037,07036,07038,06321,10905,10904,10907,10906,10901,10900,10903,10902,10909,10908,07960,07967,07966,07965,07045,10990,10858,10152,10153,10150,10158,07247,10019,10018,07240,10013,10012,10011,10010,10017,10016,07248,10014,10088,10089,10084,10085,10086,10087,10080,10081,10082,10083,16201,10949,10948,10940,10943,10942,10945,10944,10947,10946,07069,07064,07065,07062,07063,07060,07061,10079,10015,10071,10059,10058,10057,10056,10055,10054,10053,10052,10051,10050,07200,07205,42190,07926,07924,07922,07920,07928,10129,10128,10123,10122,10121,10120,07953,07951,06004,10228,10229,10224,10225,10226,10227,10220,10221,10222,10223,10989,10988,43325,10984,43327,10986,10981,10980,10983,10982,16011,16010,10868,10869,10862,10863,10860,10861,10866,10867,10864,10865,07023,07021,10916,10917,10914,10915,10912,10913,10910,10911,10918,10919,10078,07091,07090,42241,10985,10987,10004,10005,10006,43326,10000,10001,10002,10003,10167,10166,10165,10164,10008,10009,07277,07276,22953,36412,36410,10111,10118,10119,10215,10214,10217,10216,10211,10210,10213,10212,10219,10218,10185,10184,10187,10186,10181,10180,10183,10182,10112,10189,10188,10113,10958,10959,10952,10953,10950,10951,10956,10957,10954,10955,07059,07058,07051,07050,07057,07056,10048,07236,07235,07941,07940,07231,10070,10040,10041,10042,10043,10044,10045,10046,10047,42188,07931,07936,07937,07939,06124,10963,10136,10137,10131,10132,10138,10039,10038,10035,10034,10037,10036,10031,10030,10033,10032,19041,10049,10856,10855,10854,10853,10852,10992,10993,10859,10991,16009,36622,03007,07019,07016,07015,07014,07013,07010,10923,10922,10921,10920,10927,10926,10925,10924,10929,10928,07909,07908,07901,07900,07905,07907,07906,07083,07089,10178,10179,10073,10072,10075,10074,10077,10076,10170,10171,10173,10174,10175,10176,10177,22948,42173
porkchop	
potato	11394,11829,11828,42283,19810,19811,11380,11381,11382,11383,11384,11385,11386,11387,06053,06596,25063,25064,11836,11837,11834,11835,11832,11833,11830,11831,06341,06433,11674,11675,11671,11672,11379,11378,11374,11376,11371,11370,11373,11372,11659,19410,19411,19412,19415,11352,11368,11369,11366,18971,11364,11365,11362,11363,11360,11361,11934,11930,06728,03304,03303,19445,22908,11399,11359,11358,11353,11514,11517,11516,19043,11510,11355,11512,11929,11507,11657,31022,11356,03154,06546,06392,06462,03096,11508,11506,06253,11505,22971,11397,21138,21139,31029,31028,06383,31023,21131,31021,21133,21134,21135,31025,31024,11396,19823,11393,11395,19046,03934,19045,06384,21026,11357,19042,35186,06387,43311,25012,11354,21140,11407,11406,11403,11402,11401,11400,22957,11409,11408,19421,19423,19422,11876,11877,11874,11875,06969,11645,21132,11647,19437,06453,31027,31026,03109,03108,19809,11410,11411,11412,11413,11414,11392,11391,11390,42266,06208,03112,11398,03959,31030,31031,11367,11844,11843,11842,11841,11840
poultry	07963,07962,02034,42280,07964,07971,06977,05301,07067,05303,05302
preserve	19719,43028,19297
pretzel	43109,25060,19813,28115,19049,19048,19050,25024,03215,19047,28144,19812,19814,28140,28141,28139,19917,28123
pricklypear	
primerib	
prune	03178,03136,03137,03171,09423,03139,09293,09292,09291,09290,09288,09289,09294
pudding	19209,19208,19188,19189,19201,19323,19203,19202,19204,19207,19206,19185,19219,18112,03224,03225,03226,19212,44259,03245,19705,03246,44258,19321,19191,19706,19233,19234,19235,19190,19708,19193,19319,19318,19199,19198,19218,19710,19331,19330,19333,19332,19195,19194,44260,03233,19322,19324,19325,19183,36404,43004,19121,19122,19123,19709,19320,19184,11656,44061
pumpernickel	43441,18044,18045,18221
pumpkin	15108,12014,12016,11423,11422,11424,11426,28022,18327,18326,02035,28171,11416,11417,11418,11419,12516,12663,15218,12163,11848,11847,11846,11845
pumpkinseed	
punch	14065,03267,14405,14406,14268,14269,14264,14267
quiche	
quince	09296
quinoa	16610,20137,20035
radish	11637,11676,11429,11850,43142,11432,11430,11431
raisin	08284,08696,08697,08261,08245,18191,18377,09297,08189,18356,09298,09299,08702,18431,08700,08484,08708,08247,08218,18246,18247,18388,19406,28072,08380,18047,18048,18184,08133,08132,08228,18414,08599,42265,19127,18538,08220,28048,08436,19149,43100,28041,19022,08061,08060
raspberry	03152,03153,08677,18486,35202,18544,09306,09518,09302,18435,09304,16254,18246
ration	
ravioli	22976,03046,36053,22900,22899,32022,36055,36054,22939,22929
relish	11944,11945,09082,11958
rhubarb	35063,09307,09309,09310
rice	20447,16605,20445,20444,20446,19818,19819,06423,06502,19816,19817,42278,42279,03194,03195,19010,18958,18384,19403,20450,19438,20452,20453,08546,32021,03049,06439,06029,20041,20040,20047,20046,20045,20044,43479,06023,06022,42190,42204,08168,19413,19414,20049,19416,19208,20048,06351,25059,04037,08025,32018,20058,20054,20055,20050,20051,22999,20053,36602,36044,08156,19193,19195,19194,20345,42285,16082,32000,32001,32002,32003,03997,22998,18059,08288,14639,20133,06463,06396,06548,20134,06315,19051,19052,19053,20036,20037,22949,43529,03712,08348,08032,20089,20088,06389,20060,06309,06063,08653,03082,03083,20451,20090,20545,22958,43544,19134,08508,08509,36417,20052,03296,03293,22946,22947,03210,03212,03694,03696,36404,36405,36406,36407,20061,36401,43008,08100,08101,08370,08066,08065,08064
ricecake	
riceflour	
ricemilk	
romaine	11251
romainelettuce	
rosemary	02036,02063
rye	20065,20064,18053,20063,20062,18216,18225,18226,18227,18346,18060,18061,19416,18221
ryeflour	
saffron	02037
sage	18603,02038
salad	04018,21379,21084,04643,07067,04641,04640,21376,21377,04014,04644,04367,04027,04026,04025,04023,04022,04021,04020,04029,04028,04704,04705,04703,04144,04145,04146,04141,04142,04143,21378,42193,42192,21083,04034,04543,43215,04013,04133,04135,04011,04016,04017,04689,04015,07031,04636,04635,04638,04639,09325,04044,04539,04042,21053,21052,04120,21057,21056,21055,21054,43329,42137,04114,15128,04686,04685,04053,04058,04688,42230,22971,43331,04518,04511,04510,43020,43021,42153,04502,21270,21140,43017,43016,43015,43019,09106,09105,09104,09103,09102,11414,42171,42140
salami	07229,07003,07941,07226,07230,07228,07913,07002,07227,07926,07068,07069,07266,07267,07071,07070,07072
salmon	15251,35168,15087,15086,15085,15084,15083,15082,15081,15080,15265,35068,15260,15182,15180,15181,15209,15247,35067,35167,15076,15179,35190,35153,35152,35151,35150,35171,35066,15272,15273,35065,15238,35064,04593,15077,15212,15239,15210,15211,15252,15253,15236,15237,15078,15079,35166,15264,35157
salsa	06601,28020,16203,06605,06178,27030,06164,27053,27052,27047,06597,06598,27028,27029,27054
sardine	04594,15089,15088
sauce	06932,06931,06930,06618,22930,27046,27047,22937,22939,27048,27049,06112,06960,06961,21400,06599,21343,09143,03046,32022,22929,22900,06223,06222,06221,06220,06226,06225,06224,06229,06228,06189,36053,36055,36054,21350,21105,06600,32015,22916,22915,22914,22401,22912,22402,11549,06239,06234,06235,06236,06237,06231,06232,06233,36048,36046,36047,06720,16125,16124,16123,32004,32005,21106,22980,22981,27051,06240,16011,36632,36631,36630,27055,09081,06151,06150,06152,27057,15089,11559,01188,22944,22977,22976,22972,06142,06143,21131,21132,21133,21134,06264,16424,16425,27059,27033,06307,06976,06972,06971,43432,43217,06179,06176,06175,04668,21314,21315,21316,22522,21311,21313,22959,16010,21310,11649,01164,06962,21382,06168,06169,06603,06602,06604,06164,06165,06166,06167,11551,27050,11553,11555,11557,27056,06285,27058,11393,11392,21393,06995,06994
sauerkraut	43350,11439
sausage	21484,21009,07091,21482,21483,21005,16565,07064,07065,07063,16603,21340,07208,07207,07075,06226,42190,07927,07929,07928,07237,07236,07235,07232,21358,21359,07238,07066,16546,07953,21305,07956,07957,07954,07955,07225,07036,07958,07059,21329,21328,06245,16593,16594,07967,07966,07965,21361,06399,07041,07076,27008,06319,21496,21383,07014,16107,21384,21306,13357,07090,22122,42241,21022,21020,07901,07900,07004,07005,07907,16587,07083,21149,07088,07089,16589,07918,07919,21014,07916,07917,07914,07915,21498,07268,07078,21493,07074,07077,21362,21497,21364,21495,21494,21410,42173,42262
scallop	90240,11475,15174,15173,15172,11476,11860,21058
scrambled	01132,43285,21018
seafood	21055
seavegetable	
seaweed	11667,11666,11663,31019,31020,11669,11442,11446,11445,11444
seed	11191,16079,11192,35232,12022,11197,11196,16073,11198,16071,16070,16077,16076,16075,16074,16078,19819,11195,16111,11788,16372,16381,16370,12529,12029,16338,12174,04016,12170,16072,12158,16384,11717,11826,16386,11820,11738,16302,12536,12537,19062,02033,11676,11029,12663,12538,12539,11779,11778,12023,11777,16379,11653,11716,16360,15218,15108,16375,16316,14631,16315,02002,16377,02007,11033,02005,11031,12014,12016,12011,12013,11039,16064,16065,16067,16060,16061,16062,16063,16145,16068,16326,16325,16045,16323,16039,16320,16328,11089,11088,16402,02024,16083,11896,16081,16086,16084,16409,11047,11001,02018,02019,12008,02014,12007,02016,12005,11045,02013,11595,11316,11596,16015,16014,16017,16032,11454,16018,11923,11924,11452,11453,12040,16331,16333,16335,16336,16136,16134,16135,16133,11344,11345,16436,16434,11225,11224,16080,12041,12039,12038,16003,12033,12032,19053,12037,12036,12034,16002,11815,16001,16317,11626,16004,16054,16085,16019,16108,16049,16102,16101,12171,42281,16345,16347,16346,16341,12021,16343,19822,16052,16348,12193,12006,12220,16038,16037,16036,16035,16034,16033,12516,16031,16030,16058,12004,16057,16056,16051,16050,16053,12003,12198,16357,16353,16350,12540,12001,16358,11038,11713,11329,12698,16028,16029,11720,11721,16020,16021,16022,16023,16024,16025,16026,16027,11715,16048,11037,16046,16047,16044,16016,16042,16043,16040,16041,16363,11046,16361,11044,11043,11040,11317,11032,16368,11049,11048,12024,16359,11030,16410,12166,16110,12160,12163,11714,12205,11719,11718,12169,12201,11654
sesameseed	
shallot	11640,11677
sherbet	19097
shishkebab	
shrimp	15151,15150,15153,15152,36006,06456,36016,06056,15149,06256,06342,36001,15270,15271,21059,36605,36612,36620,21056
slaw	
smoothie	09514,09515,09516,09511,09513,09508,09507
soda	18426,28255,14130,18425,14121,14552,18372,18032,14144,18228,14142
sodabread	
softcheese	
sole	15029,15028
sorbet	
sorghum	20650,20067,20648,19355
sorrel	
soup	06617,06019,06230,06026,06018,06037,27042,27043,06355,06354,06353,06351,27045,06502,06503,06117,06429,06428,06359,06358,06195,06194,06214,06471,06058,06190,06193,06192,06054,06055,06056,06050,06051,06052,06053,06590,06218,06592,06595,06594,06988,06596,06986,06987,06984,06439,06982,06983,06980,06981,06740,06742,06967,06749,06340,06437,06434,06343,06432,06433,06430,06349,06215,06438,06101,06546,06028,06182,06183,06180,06011,06023,06062,06350,06012,06027,06048,06583,06580,06013,06586,06587,06584,06585,06588,06589,06543,06217,06730,06489,06022,27044,06736,06483,06482,06481,06480,06487,06956,06403,06393,06401,06400,06406,06405,06404,27060,06409,06408,06463,06334,06337,06336,06333,06032,06030,06339,06338,06034,06035,06426,06548,06549,18228,06216,06084,06726,06725,18425,06728,06729,06128,06082,06081,06080,06007,06006,06004,06418,06419,06001,06256,06414,06415,06416,06417,06410,06411,06412,06413,06249,06248,35024,27019,06315,06241,27014,06243,06314,36413,27013,06246,06252,06559,06547,06253,06003,06989,06002,06731,06251,03070,06159,06158,06504,06094,06733,06010,06468,06399,06398,06014,06015,06016,06017,06461,06392,06391,06462,06465,06396,06395,06466,06312,06311,06242,06316,27008,27009,06505,27007,06440,27002,27000,27001,06494,06528,06497,06009,06738,18426,06008,06498,06739,06384,06387,06146,06147,06145,06955,06149,06388,06389,06734,06472,06047,06470,06170,06476,06475,06064,06067,06061,06309,06063,06402,27032,06068,27035,27034,27015,06974,06423,06970,27017,06978,06447,06446,06444,06443,06442,06441,28282,06177,06366,06174,06544,06172,06449,06448,27021,27022,27023,06380,06558,06212,06076,06075,06072,06070,06071,06373,06383,06375,06374,06377,06025,06341,06964,06965,06966,35073,06968,06969,06342,06213,36414,06451,06453,06454,06456,06457,06459,06038,06024,06039,06219,06210,06043,06042,06041,06040,06201,06046,06045,06044,06363,06049,06361,06209,06208,06541,06211,06991,06990,06992
sourcream	19046
soy	04648,16417,14035,16253,16252,16251,16250,16257,16256,16255,16254,04665,04664,16259,16258,16419,16418,01067,03966,33872,04666,08580,03987,04667,03982,16416,03926,03925,03941,03940,03928,03867,43114,04654,04655,04650,04651,04652,04653,16125,16124,16538,16121,16123,16122,27059,04700,04701,16424,16425,25025,16420,16421,16422,16423,16415,14067,04649,03859,16115,16116,16117,03939,33870,16118,16119,04699,04668
soybean	04548,04031,04560,04034,04629,04628,04543,04546,04669,16410,19810,04073,04585,04586,04587,43299,11853,04027,04026,16109,16108,04559,04554,04029,04044,04145,19809,04531,16409,04595,11924,16110,16111,11454,11923,11450,11451,11452,11453
soymilk	16216,16215,16139,16219,16239,16238,16223,16231,16230,16235,16237,16236,16227,16166,16168,16225,16120,16228,16229,16248,16249,16244,16245,16246,16247,16240,16241,16242,16243,16222
soysauce	
spaghetti	20521,06931,20523,20125,03051,03050,22930,20421,20420,22401,22912,36632,11870,36048,36046,36038,20124,06143,20126,20127,20120,20121,20122,20123,20622,11492,11493,36047,20321,06976,36631,36630,36032
sparerib	10187,10088,10089,10003,10188,10940
spelt	20140,20141
spinach	11802,11801,20095,20096,11986,20112,22994,21500,20111,11464,11461,11463,11854,11855,11856,20126,20127,11274,11275,11276,11277,03127,11658,11458,11459,11457
splitpea	
spork	
springonion	
sprout	11745,11746,11100,11101,11098,11099
spud	
squash	35146,11488,12663,03105,06509,11489,03104,11487,11486,03114,11484,11483,11485,11481,11480,11861,11860,12014,12016,11467,11482,11858,11859,11870,11862,11641,35138,11643,11642,11644,11857,11867,11864,11866,11953,35139,11490,11491,11492,11493,12516,11863,11468,11476,11477,11474,11475,11865,11473,12163,11471,11869,11868,11478,11479
squid	15176,15175
steak	23363,23365,23364,23369,23040,23041,06438,36615,13452,13451,13905,13906,13907,13900,13869,13868,13908,13862,23098,23541,23540,23547,23545,23096,13439,23064,23060,23061,23149,23148,13492,23144,23143,23142,23141,23140,23326,23325,23324,23323,23322,23321,23320,10149,13493,23244,23245,23246,23241,23242,23243,23392,23393,23390,23391,23394,23395,06384,13647,13649,13648,13889,17348,17345,13500,13501,13502,23221,23630,13948,13949,23059,23058,23509,23055,23057,13943,23051,23050,13946,23052,13474,13232,13477,13470,13473,13478,13479,23201,23202,23304,23592,23593,13935,13934,27048,23610,23617,13930,13933,13932,17400,13979,23116,23117,23110,23111,23112,23656,13481,13483,13921,23118,13484,23121,23120,23271,23270,23374,23279,23371,23372,23373,13398,06403,36607,13499,36608,23056,23169,23168,13491,13971,13970,13977,23657,23124,23655,23654,13874,13875,23123,23122,23088,23089,23080,23086,23087,23084,23085,13449,13448,13445,13444,13447,13446,13441,13440,13443,13442,23158,23150,23151,23152,23153,23154,23155,23156,23157,23333,23334,23335,23339,23231,23230,23232,23309,36013,36011,23308,23589,13650,23344,23341,23340,23343,23342,13067,13066,13065,13893,13891,10084,10085,10086,10080,10081,13069,13068,23307,35176,13898,23554,11411,11412,10945,10946,23519,23048,23049,23046,23047,23044,23045,23042,23043,23516,23517,13401,13404,13407,23605,23606,23607,23600,23601,23608,23609,13929,17405,13927,13924,21267,13923,13920,21263,23163,23162,23165,23164,23167,23166,23280,23281,23282,23283,23266,23267,23303,23302,23305,23611,23268,23269,13902,13931,13903,13863,13909,13523,13520,23636,23097,17337,17336,17335,17332,23521,13963,13961,35174,13968,13969,13351,13352,13354,13356,13359,13293,13294,23295,13482,13459,13456,13454,13455,13871,13453,13450,13598,23002,23003,23000,23001,23006,23007,23004,23005,23008,13872,23228,23229,23187,23186,23222,23223,23188,23226,23227,23224,23225,36000,13896,06454,23062,23063,13894,23356,23354,23355,23352,23353,23351,13070,21411,23294,21006,10082,23370,23278,13000,10953,10956,10957,10954,23079,23078,23077,23076,23075,13413,13410,13918,13912,13917,13915,23172,23173,23170,23171,23176,23177,23174,23175,23178,23179,23119,23318,23319,23312,23313,23310,23311,23316,23317,23314,23315,23381,23383,23382,23385,23384,23387,23386,23389,23388,13231,13236,13235,16522,17074,23627,06462,23624,23625,23193,23192,23588,13519,23533,23109,23108,23536,13959,23103,23102,23100,23107,23106,23105,23104,13342,13469,13468,13463,13460,13467,13466,13465,13464,23039,23038,23037,23033,23032,23031,23030,23217,23216,23215,23214,23213,23219,23218,23587,23585,23584,23583,23628,23629,23194,23195,23196,23197,23622,17072,23621,31030
steviapowder	
stew	35236,35182,03072,35048,03052,06448,17061,17060,17140,17141,43136,23094,23091,23090,23093,23092,23095,22905,17059,06248,06048,35144,35145,35146,35024,35148
stirfry	
strawberry	08553,18497,08698,08453,09318,09319,09316,09317,18362,16253,21334,01280,01281,14617,14609,21034,09516,08662,19878,19137,28185,18938,18939,28181,18246,08463,09320,14621,18488,18489,18547,09140,19271,08542,19884,14618,19112,14087,19273,28177,28024,28008,03994,28002,14428,18431,01276
stringbean	
strudel	18354,28163,28008
submarinesandwich	
subsandwich	
succotash	11502,11501,11872,11499,11871,11495,11496,11497
suet	13335
sugar	18494,19265,06618,08411,19260,08489,08642,08641,42074,18204,28210,09013,09012,44110,14063,14061,28025,19895,28229,28228,19890,19891,19892,28223,28222,28221,28220,28227,28226,28225,28224,19362,18478,09310,19873,19871,19874,14647,01242,01243,28230,28231,08704,42185,14196,09260,09261,08628,16149,09033,08680,08686,09034,08130,14043,19217,43100,28183,28007,08639,14628,08635,18272,14224,19340,08459,25035,18479,14630,14637,14636,19916,09248,44074,09247,18208,18209,18206,19333,18205,19335,19334,19336,19908,19909,14149,19906,19907,14548,28173,28301,28268,18513,08579,09293,09292,14156,28278,28279,14357,08586,28277,08469,16200,28293,19883,19882,19881,19880,19884,18202,14370,14371,28232,19436,19439
summersquash	
sundae	21033,21032,21034,28178,21336,21337,21334,21335,43269
sunflowerseed	
sushi	
sweetpotato	
swisschard	
swordfish	15111,15110
syrup	09177,09239,09029,09075,09074,09073,09025,09367,09304,09301,09028,14060,14181,14182,09271,09379,09101,09066,09067,09370,42040,09374,19367,19362,19360,19361,09317,09270,09099,09098,09269,09091,09093,09092,19353,19352,19351,19350,19355,09325,09258,09257,09256,09255,19348,19349,19345,09026,09027,19911,19912,14637,19916,19113,09438,09432,09431,09121,09240,09241,09242,09243,09228,09052,09220,09056,09420,90480,09134,43026,09046,09109,09106,09105,09104,11645,11647,09100,19720,09288,09284,09285,21363,21365,09283,19128,19129,09352,09353,09351,19436,09357,09448,09440,09065
taco	21486,21487,21082,21270,21084,36060,36061,18448,06600,06604,18616,05354,21268,18360,21264,21265,21266,21267,21260,21261,21262,21263,02073,02075,21083,21269
tamale	35237,36411,35147,36056,36412
tangerine	09219,09218,09223,09220,09221,09383
tapioca	19209,19199,03136,03137,03156,03157,03135,03134,20068,19218,03280,03162,43546,03129,03128,19234,03118,03140,19198,03160,19709
taro	11519,11518,19524,11526,11525,11881,11880,11520,11521,11522,11523,11878,11879
tarragon	02041
tart	18497,18481,18482,18494,18479,18478,18486,18487,18488,18489,18477,18476,18459,09044,09064,18490
tea	14381,35238,14137,14368,18150,14071,14070,14367,14366,14475,14476,14072,35078,14352,14353,14355,14356,14357,14649,14370,14371,14376,14375,14548,28199,14601,14545,14544
teff	20142,20143
tempeh	16114,16174
teriyaki	22958,06189,06112
thyme	02042,02049
tilefish	15113,15112
toffee	19136,19383
tofu	16214,16213,16212,16211,16210,16132,16275,16432,16277,16276,16271,16273,16272,16279,16278,16161,16160,16163,16162,16165,16164,16281,16129,16128,16127,16126,16428,16429,16426,16427,16274,43476,42178,16159
tomatillo	11954
tomato	03051,03050,21080,22930,11540,11546,11547,06351,06503,27048,11549,06359,06358,06213,11660,06592,21126,03044,03045,03046,32022,32021,14187,06588,14114,06956,11887,11886,43217,11884,21210,21213,11888,22912,22402,06239,21462,21461,06233,06504,16554,31006,11955,31007,11956,31001,31002,22900,06559,06558,27019,11696,11695,11693,16011,43365,15089,06159,06158,21125,21124,11548,06461,06463,22976,43331,06498,06061,06063,11533,11531,11530,11537,06972,43432,11885,16585,11527,27023,22522,11529,06379,22914,06377,21214,11649,06964,11551,11553,11555,11557,11559,21490,06995,06991
torte	
tortilla	04654,25028,35186,19857,18450,35239,06543,19058,18970,43566,19056,19057,19424,18449,06537,28295,20086,19444,18364,43364,18363,18616,19063,27018,19433,35143,19833
tuber	35235,11599
tuna	15186,15124,15184,15185,15183,15123,21126,15128,15126,15127,15119,15118,15220,15117,15221,21214,15121
turkey	05670,42286,07052,07066,07046,05305,05304,05306,07944,07025,05172,05173,01141,05171,05176,05192,05174,05175,05178,05179,05662,05663,05666,05667,05664,05665,05668,05669,05709,05708,05705,05704,05707,05706,05701,05700,05703,05702,07255,05182,43390,07257,43391,07927,07924,07929,06959,07236,07235,05185,07943,07957,05184,07239,07955,05718,05719,05716,04575,05714,05715,05712,05713,05710,05711,06331,06332,06465,05181,07258,07934,03017,07937,16533,06125,06126,07223,07952,07958,05729,05728,03016,05723,05722,05721,05720,21057,05726,05725,05236,06326,06323,07268,07269,05734,05735,05736,05737,05730,05732,05733,07256,05738,05739,07936,05183,07254,05228,05180,05187,05186,07253,07252,05220,05188,07259,05227,03015,06466,05727,05170,07261,42128,05724,05177,05741,05740,05743,05742,05745,05744,07011,07973,07247,05354,07245,07240,05194,05195,05196,05190,05191,07248,05193,42241,06064,03084,03085,03081,03082,03083,05200,05216,03079,07900,07905,05215,07273,07081,07082,22528,05717,07278,21146,05697,05696,05695,05694,05699,05698,22957,05296,05295,05294,05293,05292,07919,05600,03296,07079,05219,43367,43366,07264,07265,07266,07267,07260,07070,07262,07080,42173,05300,05165,05167,05166,05169,05168,05284,05285,05286
turmeric	02043
turnip	35201,35200,11889,11890,11893,11891,11568,11569,11570,43387,11566,11577,11576,11575,11574,11564,11565,11892,11567
turnipgreen	
uglifruit	
vanilla	14347,19260,19710,28182,42074,28215,28210,19371,01111,08543,16261,19867,28228,19878,19898,19201,19203,19202,19207,19206,16251,16250,03224,03225,19876,19877,19875,01241,01242,28231,28232,28233,28038,19095,18401,03245,19096,19212,19090,16120,19214,16245,01231,28152,08633,18609,16139,18210,18213,18212,16239,21333,01184,03246,16236,19293,28094,01220,01221,21028,18204,18328,16228,16225,19103,19104,01119,28262,08591,19223,19222,19244,14016,19089,19088,28289,16219,21141,28270,28273,19230,19233,08562,19883,19882,19881,19887,19884,02050,02051,02052,18141,08705,28193,01278,01275
veal	17208,17000,17216,17272,17273,17270,17271,17276,17277,17274,17275,17278,17279,17207,17213,17155,17154,17218,17089,17088,17223,17222,17140,17141,17142,17143,17092,17093,17090,17091,17096,17097,17094,17095,17098,17099,17139,17138,17429,17428,17131,17130,17133,17132,17427,17426,17137,17424,17434,17435,17436,17437,17430,17431,17432,17433,17203,17202,17438,17204,17128,17129,17122,17123,17120,17121,17126,17127,17124,17125,17135,17107,17134,17425,17136,17117,17116,17115,17114,17113,17112,17111,17110,17351,17350,17119,17118,17100,17101,17102,17103,17104,17105,17106,17349,17108,17109,07006,03005,17217,17212,17198,17197,17194,17193,17219,17190,07910,17352,17188,17189
vegetablejuice	
venison	35080
viennasausage	
vinegar	02069,02068,02053,04135,02048
wafer	18609,19249,18213,18212,18986,18157,28231,28232,28233,28258,18226,18227,18401,28215,28210,18209,18612,18202,19109,28152,28038,28224
waffle	18980,18934,28018,18935,18951,18932,18933,28010,28011,28012,28013,28014,28015,28016,28304,18505,18507,18506,18403,18978,08305,28019,18365,18367,28174,28021,28022,28025,28024,28009,28026,28260,28155,28156
walnut	08646,08690,04528,08228,12154,12155,12156
wasabi	11990
waterchestnut	11590,11588
watercres	
watermelon	12174,09326
wheat	18385,08085,20645,48052,08082,20076,20077,18950,20075,20072,28051,20071,08489,08488,18958,20078,08363,08365,08366,18388,18428,08546,20635,18968,18967,18966,20138,28137,08081,08169,08028,18983,18982,04038,18979,08157,20629,20628,20624,20623,20074,16123,18068,18347,18066,18064,20073,20024,08148,20581,08144,08145,08146,08147,08575,18055,08452,08574,20630,20481,20634,08577,20636,20139,08576,08084,28148,18065,18264,18265,08462,18222,20087,20086,20084,20083,20082,20081,20080,18284,20649,16424,20646,20641,20640,28304,20324,08597,28308,28285,28284,28287,28286,08573,18233,18232,08578,18234,08183,08218,08504,08054,28070,43393,28295,20381,20129,03184,43245,08191,08104,08105,08106,08107,28157,08102,08103
wheatflour	
whey	01112,01113,01114,01115,14033,14066,14058,43369
whippedcream	
wholewheat	20124,20125,18042,18348,18219,18267,18300,19050,18075,18078,18235,18949,18266,20108,20107,18429,18299,18077,18076
xylitolgranule	
yam	11258,11259,11601,11602,11897,11927
yogurt	08553,42185,42119,04627,04626,08531,25054,16253,16252,16251,16250,16257,16256,16255,16254,01281,01217,16259,16258,19293,03965,01184,42186,21463,19079,19393,01222,01220,01221,01121,01120,01122,42120,01203,03956,21380,21381,25043,03302,43523,43261,42150,01187,01256,43536,43537,01116,01117,01118,01119,43476,43539,01235,01278,01231,01216,42187,01280,01219,01218,01275,01276
yolk	03197,19333,03198,01160,03201,01125,01137,01127,01126
zucchini	11953,11861,11477,11862,11481,11480,11478,11479
